2
2
2
2
4
4
7
7
8
8
9
10
10
11
11
11
12
14
15
17
18
19
19
21
22
22
22
25
26
26
26
27
27
29
29
29
30
31
32
33
33
34
34
37
37
38
38
39
40
41
41
41
42
42
44
44
44
47
47
48
48
50
50
51
51
52
52
54
55
56
57
57
58
58
58
59
60
61
61
61
61
61
62
62
62
63
64
64
64
64
65
66
66
68
69
71
71
73
73
74
74
75
75
75
77
77
78
79
81
81
84
86
86
86
89
89
90
92
93
94
94
94
95
96
96
97
97
98
100
100
100
101
102
103
104
104
104
104
105
106
106
107
109
109
111
112
112
112
112
113
113
113
116
117
119
121
121
123
123
124
124
124
124
125
125
127
128
129
129
130
130
130
132
136
136
136
137
139
139
139
139
140
141
142
144
144
145
146
146
147
148
148
149
149
152
153
153
154
154
155
156
156
157
158
158
159
159
159
160
161
162
162
163
164
164
165
166
168
168
168
168
169
170
171
171
172
172
173
173
173
175
178
179
179
180
180
181
183
183
185
186
188
189
189
190
191
192
192
194
195
196
197
199
199
201
201
203
204
204
204
206
207
207
209
210
211
212
213
213
213
214
214
214
215
217
218
218
218
219
221
221
222
223
223
224
224
225
226
226
226
227
227
228
228
229
229
231
231
231
232
233
233
234
234
237
239
239
240
240
242
242
243
244
244
244
245
247
248
248
248
250
252
252
254
254
255
255
255
256
258
259
261
261
261
262
262
263
264
266
267
267
267
267
269
270
270
271
272
272
272
273
273
273
274
275
275
276
276
277
277
278
279
280
280
282
284
286
288
288
288
289
289
291
291
293
294
294
295
296
296
297
297
298
299
299
301
301
301
302
303
304
304
304
306
307
307
309
311
312
313
313
314
315
315
316
317
320
320
321
321
322
322
323
324
325
325
325
326
327
327
329
331
332
333
334
334
334
337
338
339
340
340
340
341
342
343
343
345
347
347
347
348
349
350
350
351
352
352
352
353
354
354
355
356
357
357
358
358
358
358
359
360
360
361
363
363
364
364
365
365
365
366
367
368
369
369
371
371
372
373
376
376
377
377
378
379
379
380
380
381
383
383
383
384
384
384
384
385
385
386
386
387
387
388
391
392
392
392
393
395
396
396
396
397
397
398
399
399
400
400
402
404
404
404
404
405
405
406
406
408
409
409
409
412
414
416
418
420
420
421
422
424
425
425
428
428
429
429
429
430
430
431
431
432
433
433
433
434
434
434
435
436
439
439
439
440
441
441
442
443
444
445
445
446
447
447
447
449
449
449
450
451
451
452
453
453
454
454
454
454
454
455
455
456
457
457
458
458
458
459
460
463
463
465
465
465
466
466
468
469
471
472
474
475
475
475
477
477
478
478
478
480
481
483
484
484
486
486
487
487
488
489
489
490
491
491
491
492
493
493
493
494
496
496
498
498
499
499
499
499
501
501
501
501
503
504
505
506
506
506
506
507
508
509
509
509
511
512
512
512
512
516
517
518
518
521
522
522
523
523
524
525
525
526
527
528
529
529
529
531
534
534
535
538
538
539
540
540
542
543
544
545
546
546
547
547
547
548
549
549
550
550
551
552
552
553
555
556
556
556
558
558
558
559
559
563
564
566
568
568
570
571
571
572
574
574
574
574
575
575
576
576
577
577
579
579
579
581
581
581
581
582
583
583
583
586
586
587
588
588
588
590
592
593
593
594
594
594
595
596
597
598
598
599
599
601
604
605
606
606
606
606
607
608
609
609
611
612
612
614
614
614
615
616
620
622
622
622
623
624
624
625
627
627
628
628
628
631
632
632
633
634
635
636
638
638
638
639
639
640
640
641
641
642
642
642
643
645
645
648
650
651
651
652
652
654
654
658
659
659
659
660
660
660
661
662
662
663
665
666
666
667
670
671
673
673
674
675
675
677
678
679
680
680
680
681
682
684
685
686
686
686
689
691
691
691
692
692
693
693
694
695
695
695
696
697
697
697
697
698
698
699
701
702
704
705
706
707
708
708
708
709
709
709
709
710
711
712
712
713
714
714
716
719
720
720
721
722
722
722
722
723
723
723
723
723
724
725
726
726
726
727
727
727
729
729
730
730
731
732
733
736
736
736
737
737
737
737
737
737
737
737
738
738
740
741
743
743
743
744
745
745
746
747
747
747
748
748
750
751
751
752
753
753
754
754
754
755
756
756
757
759
760
760
761
762
763
764
764
766
766
766
768
769
770
771
772
772
772
774
774
775
777
779
780
781
781
783
784
786
786
786
786
787
788
788
790
791
792
793
793
795
795
796
798
798
799
799
800
800
800
802
803
803
804
807
809
810
810
812
812
813
813
816
818
818
820
823
824
825
826
826
826
826
827
828
828
829
830
830
830
830
832
832
834
834
835
835
836
838
838
839
839
840
840
841
843
846
846
846
846
847
847
847
848
850
850
851
851
851
852
852
852
852
853
853
856
857
858
858
858
859
859
860
861
862
864
866
867
867
868
869
869
869
873
873
873
874
875
876
878
880
881
882
883
883
883
885
886
888
888
889
890
891
892
892
893
894
895
896
897
897
898
899
899
899
899
901
901
902
902
904
904
905
906
906
906
906
907
907
908
911
913
913
914
914
914
914
914
915
915
915
915
915
917
918
920
920
921
921
922
922
922
924
926
927
928
929
929
930
931
931
932
934
934
935
935
935
936
940
940
941
941
941
942
943
944
945
946
946
946
948
948
948
950
951
953
955
955
956
957
957
957
957
959
960
960
960
961
961
961
962
962
965
966
966
966
966
967
967
968
968
969
969
969
970
970
970
970
972
974
975
975
975
976
976
979
979
980
980
981
983
984
986
986
987
987
987
987
989
989
989
989
989
989
990
991
992
992
994
994
995
995
997
997
998
999
999
1000
1000
1001
1001
1002
1002
1002
1002
1003
1003
1003
1003
1004
1004
1006
1006
1007
1008
1008
1009
1009
1010
1015
1017
1018
1019
1020
1021
1021
1024
1025
1025
1026
1026
1026
1028
1029
1029
1031
1033
1034
1036
1036
1037
1038
1038
1038
1039
1039
1040
1040
1041
1043
1044
1044
1046
1048
1049
1050
1051
1051
1051
1052
1052
1052
1052
1054
1054
1055
1055
1056
1056
1058
1058
1059
1060
1061
1062
1062
1064
1064
1064
1065
1066
1066
1066
1067
1068
1069
1069
1070
1070
1071
1072
1073
1073
1073
1074
1074
1075
1076
1078
1079
1081
1081
1082
1083
1084
1084
1084
1086
1086
1087
1087
1088
1089
1089
1091
1091
1092
1093
1093
1094
1094
1097
1098
1100
1102
1102
1102
1103
1103
1104
1105
1110
1114
1116
1118
1119
1120
1120
1121
1122
1123
1123
1124
1125
1126
1127
1128
1129
1130
1130
1132
1132
1133
1134
1135
1137
1137
1138
1139
1140
1140
1141
1143
1144
1144
1144
1147
1147
1147
1148
1148
1150
1151
1151
1152
1153
1153
1154
1154
1154
1155
1155
1156
1157
1157
1158
1159
1159
1160
1160
1162
1162
1163
1164
1164
1164
1165
1166
1166
1169
1173
1173
1174
1175
1177
1177
1177
1180
1180
1180
1180
1182
1184
1184
1185
1185
1186
1187
1190
1191
1193
1193
1193
1196
1196
1197
1198
1198
1199
1199
1199
1200
1200
1201
1201
1202
1203
1203
1203
1204
1205
1206
1206
1208
1211
1212
1213
1213
1214
1215
1216
1216
1216
1216
1216
1217
1217
1218
1221
1222
1222
1223
1224
1225
1227
1228
1231
1231
1232
1232
1234
1234
1234
1234
1237
1237
1239
1239
1240
1240
1240
1241
1243
1244
1245
1245
1246
1247
1248
1249
1250
1250
1250
1251
1253
1254
1254
1255
1255
1257
1257
1259
1259
1259
1260
1260
1260
1261
1261
1261
1262
1263
1267
1267
1268
1269
1270
1271
1271
1273
1273
1273
1273
1275
1275
1275
1275
1276
1279
1281
1282
1283
1284
1285
1285
1286
1286
1286
1287
1289
1290
1291
1291
1291
1293
1294
1294
1294
1294
1297
1298
1298
1300
1300
1300
1301
1302
1302
1302
1303
1303
1304
1304
1305
1305
1306
1306
1308
1310
1310
1311
1313
1314
1315
1316
1319
1320
1320
1320
1320
1321
1321
1322
1324
1324
1325
1326
1327
1327
1328
1328
1329
1329
1330
1330
1335
1336
1336
1337
1341
1341
1342
1343
1343
1344
1344
1345
1346
1346
1346
1347
1347
1348
1349
1349
1349
1351
1352
1354
1358
1359
1359
1360
1360
1360
1361
1362
1363
1363
1364
1365
1365
1365
1367
1368
1370
1370
1372
1373
1373
1375
1377
1379
1379
1380
1381
1383
1383
1384
1385
1387
1387
1387
1389
1390
1390
1391
1391
1392
1392
1392
1395
1396
1396
1396
1398
1398
1400
1402
1404
1404
1405
1405
1405
1407
1408
1408
1409
1409
1409
1410
1411
1411
1413
1418
1418
1419
1419
1421
1423
1423
1423
1425
1425
1425
1425
1426
1426
1427
1427
1427
1428
1428
1428
1429
1429
1429
1432
1434
1434
1435
1436
1436
1439
1439
1440
1441
1444
1444
1444
1445
1445
1445
1446
1447
1447
1448
1448
1448
1449
1449
1450
1450
1451
1451
1453
1454
1455
1458
1458
1458
1458
1459
1461
1461
1463
1463
1465
1466
1468
1469
1470
1470
1471
1471
1472
1472
1472
1475
1475
1477
1477
1477
1479
1479
1479
1480
1480
1480
1481
1481
1482
1483
1487
1489
1491
1491
1491
1492
1493
1494
1495
1496
1497
1498
1499
1503
1504
1505
1505
1506
1507
1507
1509
1509
1510
1510
1511
1515
1515
1516
1517
1518
1519
1519
1519
1519
1519
1520
1521
1522
1522
1523
1523
1523
1524
1526
1527
1531
1531
1533
1533
1536
1537
1537
1538
1538
1540
1540
1540
1542
1544
1545
1547
1549
1549
1550
1551
1552
1552
1553
1553
1553
1554
1555
1556
1557
1560
1560
1561
1563
1564
1567
1567
1567
1568
1568
1568
1569
1570
1571
1571
1571
1571
1572
1573
1573
1573
1574
1574
1575
1575
1577
1578
1579
1579
1580
1580
1580
1581
1581
1582
1582
1582
1584
1584
1584
1587
1587
1587
1588
1588
1588
1589
1589
1591
1591
1592
1594
1594
1594
1595
1598
1599
1599
1600
1600
1602
1603
1605
1605
1606
1606
1606
1607
1608
1608
1608
1608
1610
1610
1610
1611
1612
1612
1612
1612
1613
1614
1614
1616
1616
1618
1619
1620
1621
1622
1622
1623
1624
1626
1627
1627
1628
1629
1630
1630
1630
1631
1631
1631
1633
1633
1633
1634
1635
1636
1636
1638
1638
1639
1639
1641
1642
1642
1642
1643
1644
1647
1648
1648
1649
1650
1650
1654
1655
1656
1658
1660
1660
1661
1661
1661
1662
1662
1663
1664
1664
1665
1665
1667
1671
1672
1673
1674
1674
1674
1674
1675
1677
1677
1680
1680
1681
1681
1683
1684
1684
1687
1687
1688
1689
1689
1689
1690
1690
1692
1692
1693
1694
1695
1696
1699
1700
1700
1704
1704
1705
1706
1706
1706
1706
1707
1707
1707
1708
1710
1714
1714
1716
1716
1717
1717
1717
1718
1718
1718
1718
1718
1720
1721
1721
1721
1721
1722
1723
1723
1723
1724
1724
1726
1726
1728
1729
1730
1731
1732
1732
1734
1734
1735
1735
1736
1737
1738
1738
1738
1739
1739
1739
1740
1740
1740
1741
1741
1743
1744
1744
1745
1746
1746
1746
1746
1747
1747
1748
1750
1750
1750
1751
1752
1753
1754
1757
1757
1760
1760
1762
1764
1764
1765
1765
1765
1768
1768
1770
1770
1770
1771
1772
1772
1775
1776
1777
1777
1778
1779
1779
1780
1780
1783
1783
1784
1784
1784
1784
1784
1786
1786
1787
1787
1788
1788
1792
1794
1797
1799
1800
1801
1801
1801
1802
1802
1802
1803
1803
1804
1807
1807
1807
1808
1812
1814
1814
1814
1814
1818
1819
1824
1825
1825
1827
1828
1828
1829
1830
1830
1831
1831
1831
1831
1833
1833
1834
1836
1836
1839
1840
1841
1841
1841
1842
1842
1844
1844
1847
1848
1848
1848
1848
1851
1851
1854
1854
1855
1855
1855
1855
1857
1857
1857
1858
1859
1860
1861
1861
1861
1863
1865
1865
1865
1865
1866
1866
1866
1867
1869
1869
1870
1870
1871
1872
1872
1873
1873
1875
1875
1876
1877
1879
1879
1880
1881
1883
1883
1884
1885
1885
1885
1885
1887
1888
1889
1889
1890
1890
1891
1894
1894
1894
1895
1895
1896
1897
1897
1898
1898
1898
1903
1904
1905
1905
1905
1908
1908
1909
1909
1909
1910
1911
1911
1912
1914
1914
1915
1916
1916
1917
1918
1918
1919
1919
1919
1919
1920
1922
1924
1924
1925
1926
1926
1927
1930
1932
1932
1932
1932
1933
1934
1934
1934
1935
1936
1938
1940
1941
1941
1942
1943
1944
1945
1945
1948
1949
1949
1949
1951
1953
1953
1953
1954
1954
1955
1955
1955
1956
1957
1957
1957
1958
1959
1959
1961
1961
1962
1962
1963
1964
1964
1964
1965
1965
1966
1966
1966
1968
1969
1970
1970
1970
1972
1972
1973
1974
1974
1975
1976
1976
1977
1977
1977
1979
1980
1980
1981
1984
1984
1985
1986
1988
1988
1989
1990
1990
1991
1992
1992
1994
1995
1996
1997
1999
2000
2000
2002
2002
2003
2004
2004
2005
2006
2007
2008
2009
2009
2010
2010
2011
2015
2016
2017
2017
2019
2019
2020
2020
2020
2022
2022
2022
2022
2023
2025
2026
2027
2029
2029
2030
2030
2031
2031
2032
2033
2036
2037
2037
2037
2039
2042
2042
2042
2042
2042
2045
2045
2045
2046
2046
2047
2048
2048
2049
2050
2050
2050
2050
2052
2052
2054
2055
2055
2058
2061
2062
2063
2063
2064
2066
2067
2068
2068
2069
2069
2070
2070
2071
2071
2071
2071
2072
2072
2072
2073
2074
2074
2074
2074
2076
2077
2079
2079
2079
2080
2080
2081
2083
2084
2085
2088
2088
2088
2088
2089
2089
2089
2091
2092
2092
2093
2093
2094
2095
2095
2097
2097
2099
2100
2101
2102
2103
2104
2104
2105
2105
2105
2106
2107
2108
2109
2111
2111
2112
2112
2113
2113
2114
2115
2115
2116
2117
2120
2121
2121
2122
2122
2125
2127
2127
2127
2129
2129
2129
2129
2131
2131
2134
2134
2135
2135
2135
2135
2136
2136
2136
2137
2138
2139
2139
2139
2139
2142
2142
2142
2143
2143
2144
2147
2148
2150
2151
2151
2152
2152
2152
2152
2152
2153
2154
2155
2156
2156
2158
2158
2159
2161
2161
2161
2162
2163
2164
2166
2166
2167
2168
2170
2170
2170
2172
2172
2173
2173
2174
2174
2177
2178
2179
2180
2180
2181
2182
2183
2183
2183
2185
2185
2185
2186
2187
2188
2188
2191
2192
2192
2193
2193
2196
2196
2199
2199
2201
2201
2201
2203
2207
2208
2208
2210
2210
2211
2212
2212
2212
2212
2213
2214
2214
2217
2218
2218
2219
2220
2221
2222
2225
2227
2228
2229
2230
2234
2237
2238
2239
2239
2240
2240
2240
2242
2243
2244
2244
2244
2244
2245
2246
2246
2247
2247
2247
2250
2252
2252
2253
2254
2255
2256
2256
2257
2257
2258
2258
2258
2259
2259
2260
2260
2260
2261
2264
2266
2266
2268
2268
2269
2269
2269
2269
2271
2272
2273
2274
2274
2275
2275
2275
2276
2276
2278
2279
2282
2282
2282
2283
2283
2283
2285
2285
2285
2287
2289
2290
2290
2291
2291
2292
2296
2296
2297
2298
2299
2299
2299
2299
2300
2300
2301
2303
2304
2305
2306
2307
2307
2307
2307
2308
2308
2308
2310
2310
2310
2312
2312
2315
2316
2316
2317
2318
2319
2320
2320
2321
2322
2322
2322
2323
2324
2324
2327
2327
2328
2330
2333
2333
2334
2335
2336
2339
2339
2340
2341
2341
2342
2343
2344
2344
2345
2347
2347
2348
2349
2349
2349
2350
2350
2350
2351
2352
2352
2352
2353
2354
2355
2355
2356
2358
2358
2358
2359
2359
2359
2362
2364
2364
2367
2367
2368
2368
2370
2372
2373
2373
2373
2375
2376
2376
2378
2378
2380
2380
2381
2382
2383
2383
2383
2384
2384
2385
2386
2386
2388
2388
2391
2391
2394
2395
2397
2398
2402
2402
2403
2403
2404
2405
2405
2406
2407
2408
2408
2408
2408
2409
2409
2413
2413
2413
2413
2416
2417
2420
2421
2424
2424
2426
2426
2427
2428
2428
2428
2429
2430
2430
2430
2431
2432
2432
2432
2432
2434
2434
2435
2435
2438
2439
2439
2440
2440
2442
2443
2445
2445
2445
2445
2446
2446
2446
2447
2447
2447
2450
2451
2452
2452
2453
2453
2453
2453
2454
2454
2455
2455
2455
2456
2456
2458
2459
2459
2459
2459
2459
2460
2461
2462
2464
2464
2466
2467
2468
2468
2470
2471
2472
2474
2475
2476
2476
2477
2478
2478
2478
2478
2478
2479
2480
2481
2481
2481
2482
2482
2483
2483
2483
2484
2486
2486
2487
2490
2491
2492
2492
2493
2493
2493
2493
2494
2495
2496
2497
2498
2498
2499
2499
2500
2500
2502
2503
2505
2505
2505
2506
2506
2507
2509
2509
2510
2510
2514
2514
2514
2514
2514
2517
2517
2517
2517
2520
2522
2524
2525
2525
2525
2527
2527
2527
2529
2531
2531
2532
2532
2533
2533
2534
2535
2536
2536
2536
2537
2538
2538
2539
2540
2540
2544
2545
2546
2546
2547
2547
2548
2548
2548
2549
2549
2550
2550
2551
2551
2555
2555
2556
2557
2557
2557
2559
2562
2564
2564
2565
2567
2567
2568
2569
2569
2570
2574
2576
2576
2576
2579
2580
2582
2583
2584
2586
2586
2588
2590
2592
2592
2594
2595
2595
2597
2598
2598
2599
2599
2599
2600
2600
2601
2602
2602
2603
2603
2603
2604
2606
2606
2607
2607
2608
2609
2612
2612
2613
2614
2614
2615
2616
2616
2617
2617
2619
2621
2622
2622
2623
2623
2625
2627
2627
2629
2633
2634
2634
2634
2635
2636
2636
2636
2636
2637
2639
2639
2641
2641
2642
2644
2645
2645
2647
2648
2649
2649
2651
2652
2653
2654
2655
2655
2656
2656
2657
2657
2660
2660
2661
2665
2666
2666
2666
2666
2667
2668
2668
2669
2669
2670
2670
2674
2676
2676
2677
2678
2678
2678
2679
2680
2681
2682
2682
2682
2682
2683
2683
2685
2686
2686
2686
2686
2688
2688
2689
2690
2691
2692
2693
2696
2696
2697
2697
2697
2697
2698
2698
2699
2699
2701
2701
2702
2702
2703
2706
2708
2708
2711
2711
2715
2717
2718
2719
2719
2720
2723
2725
2726
2730
2730
2730
2731
2731
2731
2733
2733
2734
2734
2736
2736
2737
2737
2738
2739
2739
2739
2739
2741
2741
2741
2742
2742
2742
2743
2744
2745
2746
2746
2747
2748
2749
2750
2750
2751
2751
2752
2752
2753
2754
2755
2756
2756
2757
2758
2758
2760
2761
2761
2762
2762
2766
2767
2768
2768
2769
2771
2773
2773
2773
2775
2776
2776
2776
2776
2776
2778
2778
2778
2779
2780
2780
2781
2782
2784
2785
2787
2787
2787
2792
2795
2797
2799
2799
2801
2802
2802
2802
2803
2804
2806
2806
2806
2807
2807
2808
2809
2810
2811
2812
2813
2814
2815
2817
2817
2818
2819
2820
2821
2822
2824
2825
2825
2828
2829
2830
2830
2830
2831
2833
2834
2838
2841
2841
2841
2841
2842
2842
2843
2843
2847
2847
2848
2850
2852
2854
2855
2855
2857
2858
2859
2860
2860
2860
2865
2866
2866
2867
2868
2868
2869
2869
2871
2873
2877
2877
2877
2878
2879
2880
2889
2890
2890
2890
2891
2892
2898
2898
2903
2905
2905
2906
2908
2909
2911
2912
2912
2915
2916
2918
2926
2926
2927
2929
2930
2930
2932
2933
2934
2938
2940
2941
2947
2948
2949
2949
2953
2955
2958
2958
2960
2960
2961
2961
2961
2964
2965
2965
2966
2970
2970
2972
2973
2974
2975
2976
2978
2978
2980
2981
2981
2983
2983
2983
2984
2984
2990
2991
2992
2993
2994
2994
2994
2995
2996
2997
2999
3000
3002
3004
3004
3004
3011
3012
3012
3013
3014
3016
3018
3020
3021
3022
3024
3028
3029
3029
3030
3031
3033
3034
3034
3036
3037
3037
3038
3038
3039
3039
3039
3042
3044
3044
3046
3047
3048
3048
3050
3050
3051
3052
3052
3053
3054
3056
3061
3061
3062
3063
3063
3063
3064
3065
3065
3067
3068
3071
3072
3074
3074
3076
3076
3077
3080
3081
3081
3082
3083
3083
3083
3085
3086
3087
3089
3091
3091
3093
3094
3095
3099
3100
3101
3103
3104
3104
3104
3104
3104
3106
3106
3109
3109
3110
3110
3111
3111
3112
3115
3116
3116
3116
3117
3117
3119
3121
3123
3123
3126
3127
3129
3131
3131
3131
3131
3132
3134
3135
3136
3137
3138
3138
3138
3139
3141
3145
3146
3146
3148
3149
3151
3152
3152
3152
3153
3154
3156
3156
3156
3156
3157
3158
3158
3158
3159
3159
3162
3166
3169
3169
3172
3173
3174
3174
3175
3177
3179
3180
3182
3186
3186
3187
3188
3189
3191
3192
3193
3195
3196
3196
3198
3200
3200
3204
3206
3206
3208
3208
3210
3211
3213
3214
3215
3216
3216
3216
3219
3220
3221
3221
3221
3222
3223
3223
3223
3224
3224
3226
3226
3227
3228
3229
3230
3231
3231
3233
3233
3234
3234
3235
3235
3235
3236
3236
3237
3238
3242
3243
3243
3244
3244
3245
3245
3247
3248
3250
3251
3258
3259
3259
3260
3261
3261
3263
3265
3267
3267
3268
3269
3269
3270
3273
3273
3278
3280
3281
3282
3285
3288
3288
3289
3290
3292
3292
3293
3293
3293
3293
3296
3296
3297
3298
3298
3300
3300
3301
3302
3302
3305
3305
3305
3306
3306
3306
3306
3309
3309
3309
3310
3311
3312
3312
3314
3314
3314
3319
3319
3321
3321
3322
3326
3327
3327
3328
3328
3328
3329
3330
3331
3332
3332
3333
3334
3335
3335
3335
3336
3340
3340
3342
3342
3342
3343
3344
3345
3345
3345
3348
3348
3349
3350
3356
3356
3357
3357
3357
3361
3362
3363
3363
3365
3367
3368
3369
3371
3373
3374
3375
3376
3376
3377
3378
3378
3379
3379
3380
3380
3382
3382
3382
3385
3386
3386
3388
3388
3390
3391
3392
3393
3396
3400
3402
3403
3404
3405
3405
3406
3407
3407
3407
3407
3407
3409
3410
3411
3412
3414
3416
3417
3417
3418
3418
3419
3420
3421
3423
3424
3425
3427
3428
3428
3429
3430
3431
3432
3432
3433
3433
3434
3435
3436
3436
3439
3441
3442
3446
3446
3448
3450
3451
3452
3452
3452
3453
3454
3455
3456
3457
3457
3458
3458
3458
3460
3460
3461
3461
3463
3464
3466
3467
3467
3468
3470
3473
3473
3474
3474
3475
3477
3478
3478
3480
3480
3480
3483
3485
3485
3488
3491
3491
3492
3493
3493
3493
3494
3494
3495
3495
3495
3498
3499
3501
3501
3502
3502
3503
3503
3504
3505
3506
3507
3508
3509
3511
3514
3514
3515
3515
3516
3518
3518
3519
3519
3520
3523
3524
3524
3525
3525
3526
3529
3529
3529
3531
3531
3537
3538
3541
3542
3542
3544
3545
3546
3547
3549
3549
3550
3551
3551
3551
3552
3552
3556
3556
3558
3559
3561
3562
3563
3563
3564
3567
3569
3569
3570
3572
3572
3577
3578
3578
3578
3580
3581
3581
3583
3584
3584
3585
3585
3587
3587
3592
3592
3592
3593
3595
3595
3596
3596
3602
3603
3604
3605
3605
3606
3607
3607
3612
3613
3613
3616
3616
3617
3618
3619
3619
3621
3627
3632
3634
3634
3636
3640
3640
3640
3640
3641
3642
3643
3644
3644
3646
3647
3648
3652
3654
3656
3659
3661
3661
3662
3663
3666
3666
3666
3666
3666
3667
3672
3674
3675
3678
3678
3678
3679
3681
3682
3683
3687
3687
3687
3687
3688
3689
3689
3691
3691
3693
3693
3693
3695
3695
3696
3696
3696
3697
3699
3699
3700
3701
3701
3703
3704
3705
3707
3708
3709
3709
3709
3711
3712
3712
3715
3716
3717
3718
3721
3721
3724
3724
3724
3725
3726
3727
3730
3730
3730
3733
3734
3735
3739
3739
3740
3741
3742
3743
3743
3746
3746
3748
3748
3750
3750
3751
3753
3754
3754
3754
3755
3757
3757
3757
3759
3759
3760
3760
3761
3761
3761
3762
3764
3765
3765
3766
3766
3768
3768
3769
3771
3772
3775
3776
3777
3778
3778
3779
3780
3780
3783
3784
3785
3788
3788
3789
3789
3790
3791
3793
3793
3796
3799
3801
3803
3803
3803
3803
3804
3804
3804
3805
3807
3810
3811
3811
3813
3814
3815
3816
3816
3818
3820
3820
3820
3821
3821
3822
3822
3823
3823
3824
3827
3828
3828
3828
3829
3829
3830
3830
3831
3832
3834
3834
3835
3836
3839
3840
3841
3842
3843
3844
3844
3845
3849
3850
3850
3853
3854
3855
3855
3855
3856
3856
3856
3857
3858
3859
3862
3862
3863
3864
3864
3864
3866
3866
3869
3869
3870
3871
3873
3874
3875
3875
3876
3878
3878
3879
3881
3881
3881
3883
3883
3884
3885
3889
3890
3892
3893
3895
3895
3897
3898
3900
3901
3902
3903
3904
3905
3907
3908
3913
3913
3918
3918
3918
3919
3919
3920
3920
3923
3924
3925
3925
3925
3926
3926
3927
3929
3931
3931
3932
3934
3934
3934
3936
3938
3938
3939
3940
3940
3940
3940
3941
3941
3944
3944
3944
3947
3948
3948
3949
3952
3953
3954
3954
3956
3956
3957
3957
3958
3960
3960
3960
3961
3962
3962
3964
3965
3965
3965
3968
3968
3968
3969
3969
3970
3972
3972
3975
3975
3976
3976
3978
3978
3981
3982
3983
3983
3984
3984
3985
3985
3985
3987
3990
3993
3994
3996
3996
3996
3998
3998
4000
4001
4002
4003
4003
4004
4005
4006
4010
4011
4013
4014
4014
4015
4015
4016
4018
4018
4019
4020
4022
4022
4023
4023
4024
4024
4025
4026
4027
4028
4030
4030
4030
4031
4032
4034
4034
4035
4035
4035
4036
4037
4037
4039
4043
4045
4046
4047
4048
4048
4049
4050
4053
4054
4056
4057
4057
4058
4058
4058
4058
4059
4060
4061
4062
4063
4065
4067
4067
4067
4068
4069
4070
4071
4072
4072
4072
4072
4072
4076
4077
4077
4078
4081
4082
4083
4084
4085
4085
4086
4086
4088
4088
4089
4089
4090
4093
4093
4093
4096
4102
4106
4106
4106
4108
4109
4110
4111
4113
4114
4115
4116
4116
4116
4119
4121
4121
4122
4124
4126
4126
4129
4130
4134
4135
4136
4137
4137
4137
4137
4138
4139
4140
4140
4142
4142
4143
4144
4144
4146
4149
4151
4151
4151
4152
4153
4153
4154
4154
4158
4158
4160
4161
4161
4163
4165
4166
4168
4168
4169
4170
4171
4171
4172
4173
4174
4175
4177
4179
4181
4182
4184
4185
4186
4186
4186
4188
4188
4190
4194
4196
4198
4199
4200
4200
4201
4202
4203
4205
4206
4207
4207
4208
4209
4211
4211
4211
4211
4212
4215
4216
4218
4218
4220
4221
4221
4222
4223
4223
4224
4225
4226
4228
4229
4229
4229
4230
4231
4232
4233
4236
4236
4237
4239
4239
4239
4240
4241
4241
4242
4244
4244
4245
4245
4247
4247
4250
4250
4251
4252
4252
4252
4253
4253
4256
4256
4256
4261
4262
4263
4264
4265
4265
4266
4266
4268
4269
4270
4270
4271
4272
4273
4274
4274
4274
4274
4275
4277
4279
4282
4282
4284
4284
4285
4287
4287
4290
4291
4291
4291
4292
4292
4293
4294
4294
4296
4297
4297
4298
4298
4299
4300
4301
4301
4301
4303
4303
4304
4304
4306
4307
4307
4309
4309
4311
4312
4313
4314
4315
4316
4316
4316
4318
4318
4318
4319
4321
4323
4324
4325
4325
4327
4327
4329
4329
4332
4333
4333
4336
4336
4336
4337
4338
4339
4340
4342
4342
4344
4345
4346
4349
4350
4351
4352
4353
4353
4353
4354
4354
4356
4356
4356
4357
4357
4358
4358
4360
4360
4362
4363
4364
4364
4364
4365
4365
4367
4368
4370
4371
4371
4372
4374
4374
4374
4376
4376
4376
4377
4377
4377
4377
4379
4379
4381
4381
4384
4384
4386
4386
4387
4388
4390
4394
4396
4397
4399
4400
4402
4405
4405
4405
4405
4406
4406
4406
4406
4406
4409
4412
4412
4414
4414
4415
4415
4416
4418
4420
4420
4420
4422
4422
4423
4425
4426
4429
4429
4429
4432
4434
4434
4436
4436
4437
4437
4439
4440
4440
4442
4444
4446
4447
4448
4448
4449
4449
4450
4451
4455
4456
4458
4459
4459
4460
4462
4462
4463
4467
4468
4468
4470
4470
4470
4471
4473
4473
4473
4475
4475
4476
4476
4476
4476
4478
4480
4482
4487
4487
4488
4489
4489
4491
4491
4491
4493
4493
4494
4498
4500
4501
4507
4509
4510
4510
4510
4510
4513
4514
4516
4516
4517
4519
4519
4520
4520
4520
4526
4526
4527
4528
4528
4530
4530
4530
4532
4533
4533
4534
4536
4536
4536
4538
4538
4541
4541
4542
4542
4542
4543
4543
4543
4545
4546
4546
4546
4547
4548
4548
4548
4550
4551
4555
4556
4556
4557
4560
4561
4562
4563
4565
4565
4565
4566
4566
4566
4568
4568
4569
4570
4572
4573
4573
4574
4577
4577
4577
4577
4577
4578
4578
4579
4581
4582
4587
4589
4590
4590
4591
4592
4593
4593
4596
4596
4596
4598
4599
4600
4600
4600
4602
4604
4604
4605
4606
4608
4609
4609
4609
4610
4611
4615
4616
4618
4619
4619
4621
4621
4622
4625
4625
4626
4627
4630
4630
4630
4630
4631
4633
4635
4635
4636
4637
4641
4643
4644
4645
4646
4647
4648
4648
4650
4651
4652
4652
4653
4654
4654
4655
4656
4656
4656
4657
4658
4659
4660
4663
4663
4663
4663
4664
4665
4665
4666
4666
4667
4667
4668
4670
4671
4671
4672
4673
4673
4674
4674
4675
4676
4676
4679
4679
4680
4681
4683
4683
4684
4686
4687
4687
4688
4689
4690
4690
4690
4691
4693
4694
4696
4697
4698
4698
4698
4698
4700
4704
4705
4708
4709
4710
4712
4713
4716
4716
4716
4717
4718
4718
4719
4719
4720
4721
4723
4723
4725
4729
4733
4734
4738
4739
4740
4741
4742
4744
4747
4751
4753
4754
4756
4758
4758
4765
4767
4767
4767
4768
4770
4770
4771
4771
4771
4772
4772
4775
4777
4777
4778
4781
4782
4784
4785
4786
4786
4787
4789
4789
4791
4792
4793
4794
4794
4794
4796
4796
4797
4797
4798
4799
4801
4802
4802
4803
4803
4806
4808
4811
4812
4812
4812
4813
4814
4814
4818
4820
4821
4821
4823
4823
4826
4826
4826
4827
4828
4830
4831
4832
4833
4835
4836
4836
4837
4838
4840
4842
4842
4843
4846
4850
4851
4852
4852
4854
4854
4856
4857
4860
4861
4862
4864
4865
4865
4867
4868
4868
4869
4870
4870
4872
4872
4873
4873
4874
4875
4876
4878
4878
4878
4883
4883
4884
4886
4888
4889
4889
4889
4891
4891
4892
4893
4895
4895
4895
4895
4896
4896
4896
4897
4897
4898
4902
4904
4906
4906
4907
4907
4907
4907
4907
4908
4910
4911
4911
4911
4911
4912
4912
4912
4913
4917
4919
4923
4927
4929
4929
4929
4931
4932
4932
4933
4935
4936
4936
4937
4937
4938
4938
4939
4941
4945
4948
4949
4950
4951
4953
4954
4956
4957
4957
4959
4962
4966
4966
4969
4970
4970
4971
4972
4972
4974
4974
4974
4976
4977
4978
4979
4981
4982
4984
4986
4986
4986
4986
4990
4993
4993
4994
4994
4994
4995
4999
4999
4999
5000
5001
5003
5003
5006
5007
5007
5007
5010
5010
5010
5010
5012
5014
5015
5015
5015
5017
5017
5018
5021
5022
5022
5026
5028
5028
5029
5030
5031
5031
5032
5037
5039
5039
5041
5042
5042
5043
5044
5045
5049
5050
5052
5052
5057
5058
5058
5058
5060
5061
5061
5062
5063
5064
5065
5066
5067
5067
5068
5068
5069
5069
5070
5071
5072
5075
5077
5078
5080
5083
5083
5083
5083
5087
5088
5089
5091
5092
5092
5092
5093
5095
5095
5095
5101
5103
5106
5107
5108
5108
5108
5109
5109
5112
5112
5114
5114
5119
5120
5120
5121
5121
5123
5125
5125
5128
5128
5129
5129
5131
5133
5133
5133
5133
5138
5139
5141
5142
5144
5145
5145
5146
5150
5150
5156
5158
5158
5161
5161
5162
5164
5165
5166
5168
5169
5169
5169
5169
5170
5170
5170
5172
5173
5175
5176
5176
5178
5179
5179
5179
5180
5180
5180
5182
5182
5183
5183
5183
5183
5184
5185
5185
5185
5187
5187
5192
5194
5196
5197
5197
5199
5202
5203
5204
5204
5205
5208
5209
5210
5210
5210
5211
5211
5211
5212
5212
5213
5214
5216
5217
5219
5220
5224
5226
5226
5228
5229
5231
5231
5235
5235
5237
5237
5237
5238
5238
5238
5239
5239
5245
5245
5246
5249
5252
5253
5255
5255
5256
5259
5262
5264
5264
5265
5267
5268
5268
5268
5269
5271
5271
5272
5273
5274
5274
5276
5277
5278
5279
5281
5282
5282
5283
5283
5284
5285
5292
5293
5293
5294
5295
5296
5296
5297
5298
5298
5299
5300
5300
5300
5302
5304
5304
5304
5304
5304
5304
5305
5305
5306
5306
5308
5310
5311
5311
5311
5311
5312
5315
5317
5318
5318
5320
5320
5321
5322
5323
5327
5328
5328
5328
5329
5329
5331
5336
5339
5340
5342
5342
5342
5345
5346
5348
5350
5352
5353
5353
5354
5354
5354
5354
5356
5359
5360
5360
5361
5363
5365
5368
5372
5373
5374
5375
5377
5378
5380
5381
5381
5382
5384
5384
5385
5386
5387
5387
5388
5389
5390
5390
5391
5392
5395
5397
5397
5399
5399
5399
5400
5400
5401
5403
5403
5404
5405
5405
5406
5406
5408
5409
5410
5410
5412
5412
5413
5413
5414
5414
5415
5417
5417
5418
5418
5419
5419
5420
5420
5421
5422
5423
5423
5425
5427
5427
5427
5427
5427
5427
5428
5431
5431
5433
5434
5436
5436
5437
5439
5439
5439
5439
5440
5440
5442
5443
5443
5445
5447
5447
5448
5449
5450
5450
5450
5451
5451
5451
5453
5454
5458
5458
5458
5459
5459
5461
5461
5462
5462
5464
5464
5465
5466
5468
5470
5471
5471
5472
5472
5474
5474
5475
5477
5479
5480
5481
5481
5481
5483
5489
5491
5492
5492
5493
5494
5495
5496
5499
5501
5501
5502
5502
5504
5504
5505
5505
5506
5506
5506
5507
5507
5508
5508
5508
5508
5508
5509
5511
5512
5513
5514
5514
5523
5524
5526
5526
5526
5526
5527
5527
5528
5528
5530
5530
5533
5533
5534
5536
5537
5537
5539
5541
5541
5542
5543
5544
5549
5549
5551
5552
5552
5555
5555
5555
5557
5558
5560
5562
5563
5564
5565
5566
5566
5567
5568
5570
5570
5573
5573
5574
5574
5575
5575
5578
5580
5580
5585
5586
5587
5589
5590
5590
5591
5593
5595
5595
5597
5599
5600
5600
5601
5607
5608
5610
5610
5611
5611
5612
5614
5614
5614
5616
5618
5620
5621
5624
5626
5626
5627
5629
5631
5631
5636
5638
5642
5648
5650
5650
5651
5652
5653
5657
5658
5660
5661
5662
5665
5667
5667
5669
5670
5670
5673
5675
5676
5678
5678
5678
5679
5680
5680
5681
5682
5682
5683
5685
5686
5687
5687
5688
5689
5689
5689
5691
5691
5693
5693
5694
5698
5699
5702
5703
5704
5705
5706
5706
5708
5710
5710
5711
5711
5713
5715
5716
5718
5719
5720
5721
5722
5723
5724
5726
5728
5729
5730
5731
5731
5733
5733
5734
5734
5735
5737
5738
5741
5741
5743
5743
5747
5748
5748
5750
5752
5753
5753
5755
5756
5756
5759
5759
5759
5761
5761
5762
5763
5767
5769
5769
5770
5772
5772
5773
5775
5776
5779
5781
5781
5784
5785
5786
5787
5789
5793
5794
5795
5796
5796
5796
5798
5800
5801
5802
5802
5802
5803
5803
5804
5808
5809
5810
5810
5812
5812
5816
5817
5818
5819
5820
5820
5821
5822
5822
5823
5824
5824
5825
5827
5829
5830
5830
5830
5831
5832
5833
5833
5835
5835
5838
5839
5839
5842
5842
5842
5843
5843
5844
5844
5844
5845
5845
5845
5846
5846
5847
5848
5848
5849
5852
5852
5852
5853
5853
5855
5855
5856
5858
5859
5859
5859
5860
5861
5864
5866
5867
5867
5870
5871
5871
5872
5873
5873
5874
5874
5874
5875
5877
5878
5879
5881
5882
5883
5886
5888
5889
5891
5891
5891
5892
5894
5894
5895
5896
5896
5898
5899
5900
5906
5906
5910
5914
5916
5916
5916
5916
5917
5917
5917
5918
5918
5918
5919
5919
5922
5923
5924
5925
5926
5926
5929
5929
5931
5932
5932
5933
5934
5934
5937
5938
5939
5940
5942
5942
5944
5945
5945
5945
5947
5948
5948
5950
5950
5950
5951
5952
5953
5953
5953
5954
5954
5956
5957
5963
5963
5966
5969
5970
5971
5971
5974
5974
5976
5976
5977
5978
5978
5981
5982
5984
5984
5985
5988
5988
5989
5990
5990
5991
5991
5992
5994
5995
5995
5997
6000
6000
6001
6002
6004
6004
6005
6006
6009
6014
6017
6018
6019
6021
6022
6024
6026
6028
6031
6031
6032
6032
6033
6033
6034
6035
6036
6039
6041
6046
6046
6048
6050
6051
6052
6053
6059
6060
6060
6061
6061
6063
6065
6066
6066
6066
6067
6069
6070
6071
6071
6076
6082
6084
6086
6088
6089
6090
6090
6091
6093
6093
6093
6093
6093
6094
6094
6097
6097
6098
6100
6101
6101
6101
6103
6103
6106
6106
6108
6109
6109
6109
6110
6112
6112
6114
6114
6115
6115
6116
6118
6118
6119
6120
6121
6121
6123
6124
6125
6125
6126
6126
6126
6128
6129
6130
6132
6133
6133
6133
6137
6137
6138
6141
6141
6141
6143
6145
6145
6145
6146
6146
6148
6148
6149
6149
6153
6154
6154
6156
6157
6157
6158
6159
6159
6159
6161
6162
6164
6168
6169
6170
6172
6172
6174
6175
6177
6177
6178
6180
6180
6183
6184
6185
6187
6187
6188
6191
6192
6192
6197
6197
6198
6199
6200
6201
6201
6201
6203
6204
6204
6207
6207
6207
6207
6208
6208
6211
6211
6211
6212
6213
6214
6215
6215
6216
6217
6217
6218
6219
6219
6219
6220
6221
6224
6226
6228
6228
6229
6230
6231
6232
6233
6234
6234
6234
6236
6239
6239
6240
6240
6241
6241
6243
6245
6246
6246
6247
6247
6248
6248
6248
6249
6250
6250
6252
6253
6254
6256
6256
6256
6257
6257
6258
6258
6258
6259
6259
6261
6263
6263
6265
6265
6265
6265
6265
6266
6267
6267
6268
6268
6269
6270
6272
6272
6273
6273
6274
6274
6275
6276
6276
6276
6278
6279
6280
6282
6284
6286
6287
6287
6288
6288
6288
6290
6296
6297
6298
6298
6299
6303
6303
6303
6304
6305
6305
6307
6311
6311
6312
6316
6317
6317
6317
6318
6319
6322
6323
6323
6323
6324
6324
6326
6329
6330
6330
6332
6332
6334
6334
6335
6335
6336
6336
6337
6339
6341
6341
6343
6344
6345
6345
6347
6347
6351
6351
6352
6353
6356
6357
6358
6359
6360
6360
6361
6363
6363
6364
6365
6366
6367
6367
6369
6371
6371
6372
6372
6376
6377
6378
6380
6381
6385
6387
6388
6389
6390
6390
6391
6391
6392
6393
6394
6394
6395
6396
6396
6397
6397
6398
6399
6399
6401
6402
6405
6405
6406
6408
6409
6410
6410
6410
6411
6418
6418
6422
6423
6425
6425
6426
6426
6427
6428
6429
6430
6431
6432
6433
6435
6436
6437
6440
6442
6443
6445
6445
6446
6446
6446
6448
6449
6450
6454
6454
6456
6457
6461
6461
6461
6464
6464
6465
6467
6468
6468
6470
6470
6472
6472
6472
6474
6474
6475
6476
6476
6477
6477
6479
6482
6484
6485
6486
6487
6487
6487
6488
6489
6489
6491
6491
6491
6493
6493
6494
6494
6494
6495
6496
6496
6498
6501
6503
6505
6506
6506
6506
6508
6508
6511
6511
6512
6512
6512
6513
6514
6515
6515
6517
6517
6519
6519
6520
6520
6521
6522
6525
6525
6525
6526
6526
6527
6529
6530
6530
6530
6533
6535
6536
6540
6541
6542
6542
6544
6545
6545
6546
6546
6547
6548
6548
6548
6550
6550
6552
6553
6553
6554
6555
6556
6556
6559
6559
6560
6561
6562
6563
6564
6564
6565
6568
6569
6569
6571
6572
6574
6574
6577
6578
6578
6579
6580
6581
6582
6582
6583
6584
6584
6586
6586
6589
6590
6590
6591
6591
6592
6592
6592
6592
6593
6594
6596
6596
6597
6598
6598
6599
6599
6599
6600
6600
6602
6604
6606
6606
6607
6610
6610
6610
6611
6613
6614
6614
6615
6616
6617
6618
6623
6624
6628
6628
6631
6631
6633
6633
6633
6634
6634
6635
6635
6638
6639
6639
6642
6643
6644
6644
6644
6645
6645
6645
6645
6650
6650
6652
6653
6653
6653
6654
6654
6658
6658
6659
6659
6659
6661
6662
6664
6666
6666
6666
6666
6669
6670
6671
6672
6672
6672
6675
6677
6678
6678
6679
6685
6687
6689
6690
6693
6693
6695
6697
6697
6697
6697
6698
6698
6699
6699
6703
6703
6704
6704
6705
6706
6708
6709
6709
6710
6711
6712
6713
6714
6715
6715
6716
6718
6718
6720
6720
6724
6725
6727
6727
6730
6731
6731
6731
6732
6732
6732
6732
6734
6735
6735
6736
6742
6743
6743
6743
6743
6744
6744
6745
6745
6746
6748
6753
6753
6754
6754
6756
6757
6758
6758
6759
6764
6765
6767
6767
6768
6769
6770
6770
6771
6772
6774
6774
6775
6776
6776
6777
6777
6777
6779
6780
6781
6782
6784
6786
6788
6788
6789
6791
6795
6796
6797
6800
6802
6803
6803
6804
6804
6804
6805
6807
6807
6808
6809
6813
6816
6817
6818
6822
6822
6822
6823
6823
6824
6825
6827
6829
6830
6830
6830
6830
6831
6831
6833
6834
6835
6835
6836
6837
6837
6842
6843
6844
6844
6845
6847
6849
6851
6852
6854
6854
6855
6855
6858
6858
6859
6859
6863
6865
6865
6868
6868
6868
6871
6873
6874
6875
6875
6876
6878
6880
6880
6884
6885
6885
6892
6892
6893
6894
6895
6896
6900
6901
6903
6904
6904
6905
6906
6907
6908
6909
6910
6910
6911
6911
6911
6911
6913
6914
6914
6916
6918
6923
6923
6924
6925
6928
6929
6931
6931
6931
6932
6932
6933
6936
6937
6937
6937
6938
6938
6939
6939
6939
6939
6939
6941
6947
6947
6947
6949
6950
6952
6955
6955
6956
6957
6959
6959
6959
6959
6960
6961
6963
6964
6966
6967
6967
6968
6968
6970
6970
6972
6972
6973
6974
6975
6976
6976
6977
6979
6982
6982
6983
6984
6985
6985
6986
6987
6988
6990
6991
6991
6992
6993
6993
6995
6996
6997
6997
7000
7001
7003
7003
7005
7007
7007
7007
7008
7008
7009
7010
7013
7015
7016
7017
7017
7020
7021
7023
7023
7023
7023
7024
7024
7025
7025
7025
7025
7026
7026
7026
7028
7028
7029
7029
7029
7032
7035
7036
7038
7039
7040
7040
7041
7045
7045
7046
7047
7049
7050
7053
7054
7054
7056
7061
7061
7062
7062
7062
7066
7067
7067
7067
7068
7069
7069
7070
7070
7073
7073
7074
7074
7075
7078
7078
7082
7086
7087
7089
7090
7092
7094
7095
7096
7096
7100
7100
7103
7103
7104
7106
7107
7107
7108
7110
7112
7114
7114
7115
7115
7116
7117
7119
7121
7122
7123
7125
7125
7126
7127
7128
7130
7135
7135
7135
7136
7138
7139
7139
7141
7142
7143
7145
7146
7146
7146
7147
7147
7147
7150
7152
7152
7153
7153
7154
7154
7156
7157
7157
7158
7160
7161
7162
7166
7168
7169
7169
7170
7170
7170
7171
7171
7172
7175
7180
7181
7182
7182
7183
7183
7183
7184
7185
7187
7188
7188
7190
7191
7192
7194
7194
7195
7195
7196
7196
7197
7198
7199
7200
7200
7200
7202
7202
7203
7205
7205
7206
7207
7207
7209
7209
7212
7213
7215
7215
7217
7219
7219
7221
7224
7225
7226
7226
7227
7229
7230
7232
7234
7234
7235
7238
7239
7242
7243
7244
7245
7245
7248
7248
7248
7249
7249
7249
7250
7250
7250
7251
7253
7253
7254
7255
7262
7262
7262
7263
7263
7266
7267
7269
7271
7272
7273
7273
7273
7273
7273
7273
7274
7274
7275
7280
7280
7282
7282
7283
7283
7285
7285
7286
7289
7292
7292
7292
7292
7292
7295
7295
7295
7297
7298
7298
7300
7300
7302
7302
7307
7308
7309
7310
7312
7313
7314
7314
7314
7314
7315
7317
7318
7319
7319
7320
7321
7321
7321
7324
7324
7325
7325
7325
7325
7327
7328
7329
7329
7331
7332
7332
7333
7334
7335
7335
7335
7336
7336
7336
7337
7338
7340
7346
7346
7347
7348
7349
7350
7351
7353
7353
7353
7355
7355
7355
7355
7357
7357
7359
7360
7364
7366
7367
7368
7370
7371
7374
7376
7377
7380
7382
7382
7382
7383
7383
7384
7384
7385
7387
7387
7388
7390
7390
7391
7392
7396
7396
7397
7397
7402
7404
7406
7406
7408
7408
7411
7414
7414
7415
7416
7417
7419
7420
7421
7421
7422
7423
7424
7425
7426
7426
7426
7427
7427
7427
7429
7429
7432
7433
7434
7434
7434
7434
7434
7435
7438
7443
7444
7445
7447
7448
7449
7450
7450
7453
7453
7455
7456
7459
7460
7461
7461
7462
7462
7463
7463
7464
7465
7465
7465
7466
7466
7467
7468
7468
7469
7469
7471
7471
7473
7473
7475
7476
7476
7478
7478
7479
7483
7485
7485
7487
7489
7490
7496
7496
7497
7498
7501
7501
7502
7503
7503
7503
7504
7505
7507
7511
7513
7515
7516
7516
7516
7518
7518
7519
7520
7520
7520
7521
7522
7522
7522
7523
7523
7523
7525
7527
7528
7528
7528
7529
7529
7530
7531
7531
7532
7532
7535
7535
7536
7536
7536
7536
7537
7538
7538
7541
7541
7544
7544
7547
7548
7550
7551
7551
7552
7552
7553
7554
7554
7555
7556
7556
7557
7559
7559
7559
7563
7564
7566
7569
7569
7569
7571
7572
7572
7574
7575
7575
7575
7577
7577
7578
7578
7578
7579
7579
7579
7583
7583
7584
7584
7587
7587
7587
7589
7591
7592
7595
7595
7596
7596
7600
7600
7601
7601
7601
7602
7603
7606
7606
7607
7609
7610
7611
7611
7613
7613
7613
7616
7617
7617
7618
7618
7621
7622
7624
7624
7625
7628
7630
7632
7632
7633
7633
7635
7635
7641
7644
7644
7645
7646
7647
7647
7650
7651
7651
7651
7652
7654
7655
7656
7657
7660
7661
7661
7662
7663
7664
7665
7666
7666
7666
7668
7668
7670
7671
7673
7674
7675
7675
7675
7678
7679
7680
7681
7682
7683
7684
7684
7685
7686
7688
7690
7691
7691
7693
7693
7694
7696
7696
7698
7699
7700
7700
7701
7701
7702
7702
7705
7706
7707
7709
7710
7712
7713
7715
7716
7716
7719
7721
7722
7722
7724
7725
7725
7726
7726
7729
7734
7735
7736
7736
7737
7738
7741
7742
7743
7743
7744
7744
7744
7746
7746
7746
7747
7748
7748
7748
7749
7749
7752
7753
7753
7754
7754
7756
7758
7759
7760
7764
7765
7767
7768
7769
7770
7772
7772
7772
7774
7774
7774
7776
7779
7779
7782
7783
7785
7785
7786
7786
7788
7790
7790
7791
7791
7793
7794
7796
7796
7796
7796
7798
7801
7801
7803
7804
7805
7806
7807
7808
7809
7810
7811
7811
7811
7812
7812
7813
7814
7815
7816
7817
7817
7818
7818
7819
7819
7821
7822
7822
7823
7825
7827
7833
7834
7835
7835
7836
7837
7837
7838
7838
7839
7840
7841
7841
7845
7846
7846
7846
7846
7846
7846
7847
7849
7850
7851
7852
7852
7852
7853
7855
7856
7857
7858
7858
7859
7861
7863
7864
7865
7865
7866
7867
7869
7871
7871
7871
7873
7874
7874
7874
7877
7878
7883
7884
7884
7884
7886
7886
7889
7892
7892
7893
7894
7894
7897
7899
7901
7902
7902
7903
7904
7904
7907
7909
7909
7910
7911
7911
7913
7916
7916
7916
7917
7918
7922
7923
7923
7924
7926
7927
7932
7932
7933
7933
7933
7937
7937
7939
7939
7940
7940
7941
7941
7941
7941
7941
7944
7946
7946
7947
7947
7949
7949
7951
7953
7953
7954
7954
7955
7956
7957
7958
7959
7959
7960
7961
7962
7964
7965
7966
7967
7968
7969
7970
7971
7971
7975
7977
7978
7982
7986
7988
7988
7989
7991
7992
7993
7993
7993
7996
7996
8000
8000
8001
8002
8003
8003
8004
8007
8007
8008
8010
8011
8011
8012
8013
8014
8015
8015
8015
8017
8019
8020
8020
8020
8021
8021
8022
8022
8024
8024
8026
8027
8030
8030
8032
8032
8034
8034
8035
8036
8037
8038
8041
8041
8042
8044
8045
8047
8051
8051
8053
8054
8054
8054
8055
8055
8056
8056
8057
8057
8059
8059
8061
8061
8062
8062
8063
8063
8065
8065
8065
8065
8066
8069
8070
8070
8072
8074
8074
8080
8080
8083
8086
8087
8087
8087
8088
8089
8092
8095
8096
8097
8097
8098
8098
8099
8099
8099
8099
8099
8101
8101
8101
8102
8103
8104
8105
8106
8108
8109
8109
8112
8117
8118
8118
8119
8120
8122
8124
8125
8125
8125
8125
8126
8127
8127
8128
8129
8130
8130
8131
8131
8131
8133
8134
8137
8137
8137
8137
8137
8139
8140
8140
8142
8146
8148
8151
8151
8154
8155
8155
8156
8156
8156
8159
8159
8159
8160
8162
8162
8163
8164
8167
8169
8170
8171
8171
8172
8173
8173
8174
8178
8178
8180
8180
8181
8182
8184
8184
8185
8185
8188
8190
8191
8191
8192
8192
8193
8195
8197
8199
8200
8201
8201
8203
8204
8204
8205
8205
8205
8205
8206
8207
8208
8209
8210
8210
8214
8220
8224
8224
8226
8227
8229
8229
8230
8231
8232
8233
8235
8236
8237
8237
8238
8239
8239
8242
8243
8243
8244
8244
8244
8245
8245
8246
8248
8248
8249
8249
8250
8253
8253
8254
8255
8255
8255
8256
8257
8257
8257
8258
8258
8259
8260
8263
8264
8264
8265
8265
8267
8267
8268
8270
8270
8271
8271
8272
8275
8276
8277
8277
8278
8279
8280
8281
8287
8287
8289
8292
8293
8294
8295
8296
8297
8298
8298
8298
8300
8301
8302
8303
8304
8306
8306
8309
8311
8312
8312
8312
8313
8313
8314
8314
8315
8315
8316
8316
8316
8318
8319
8322
8322
8322
8322
8322
8323
8324
8325
8326
8327
8328
8328
8330
8330
8332
8333
8334
8335
8336
8337
8337
8337
8338
8338
8339
8341
8341
8341
8343
8343
8347
8348
8352
8352
8353
8354
8355
8356
8359
8360
8362
8367
8367
8367
8367
8368
8369
8370
8370
8372
8373
8373
8374
8374
8375
8375
8376
8376
8380
8384
8385
8386
8387
8388
8389
8390
8390
8390
8392
8392
8392
8393
8396
8400
8401
8402
8403
8403
8403
8404
8410
8411
8411
8411
8411
8413
8414
8415
8416
8416
8418
8419
8419
8420
8422
8425
8425
8425
8427
8431
8432
8434
8435
8436
8437
8437
8439
8440
8441
8441
8442
8443
8443
8444
8444
8446
8446
8450
8450
8452
8453
8454
8454
8455
8455
8455
8457
8458
8458
8459
8462
8462
8462
8463
8465
8465
8465
8465
8466
8467
8467
8467
8471
8473
8474
8474
8475
8477
8479
8480
8483
8484
8485
8486
8486
8487
8489
8491
8495
8499
8500
8500
8502
8504
8506
8506
8509
8509
8510
8512
8513
8514
8518
8522
8523
8526
8528
8528
8528
8534
8534
8536
8536
8536
8541
8541
8543
8544
8544
8545
8546
8546
8547
8547
8548
8552
8555
8556
8557
8557
8558
8558
8559
8561
8563
8563
8563
8565
8567
8568
8570
8570
8571
8571
8571
8572
8573
8574
8574
8574
8575
8576
8579
8579
8579
8580
8581
8584
8585
8585
8586
8586
8586
8586
8590
8590
8591
8593
8593
8594
8594
8595
8596
8596
8598
8599
8599
8600
8600
8600
8601
8602
8603
8604
8604
8606
8607
8609
8611
8612
8613
8614
8614
8616
8616
8616
8617
8617
8618
8619
8621
8622
8623
8626
8628
8632
8632
8633
8633
8634
8635
8635
8635
8636
8637
8640
8641
8641
8645
8646
8648
8648
8650
8651
8652
8653
8654
8654
8655
8658
8658
8665
8668
8671
8672
8672
8672
8673
8674
8676
8678
8678
8678
8678
8679
8680
8681
8681
8681
8681
8681
8682
8683
8683
8685
8687
8692
8693
8693
8694
8694
8694
8699
8699
8701
8702
8703
8704
8704
8706
8706
8708
8709
8710
8711
8712
8712
8713
8713
8713
8714
8714
8715
8715
8718
8718
8718
8723
8726
8727
8727
8729
8734
8737
8742
8743
8743
8745
8746
8747
8748
8751
8752
8753
8756
8756
8757
8757
8758
8759
8760
8760
8761
8764
8765
8766
8766
8766
8768
8768
8769
8769
8769
8769
8772
8772
8772
8775
8776
8776
8777
8778
8780
8781
8785
8787
8789
8789
8789
8789
8790
8792
8793
8795
8795
8795
8798
8799
8799
8799
8800
8800
8800
8801
8801
8802
8803
8803
8804
8805
8805
8805
8810
8810
8811
8814
8815
8815
8816
8816
8816
8817
8819
8820
8820
8821
8821
8821
8822
8823
8824
8825
8825
8826
8826
8827
8827
8829
8830
8831
8832
8833
8833
8835
8837
8837
8838
8842
8842
8843
8843
8844
8845
8845
8845
8848
8849
8852
8853
8853
8854
8855
8855
8855
8857
8857
8859
8859
8862
8864
8865
8867
8867
8872
8875
8877
8878
8878
8879
8879
8880
8880
8881
8885
8885
8889
8890
8893
8894
8897
8897
8897
8898
8903
8904
8905
8906
8906
8908
8911
8911
8912
8912
8919
8919
8920
8921
8921
8921
8922
8923
8926
8927
8927
8928
8929
8930
8931
8931
8933
8934
8935
8935
8935
8936
8940
8941
8942
8942
8942
8945
8945
8947
8947
8948
8948
8949
8950
8950
8954
8955
8955
8956
8961
8961
8962
8964
8964
8966
8966
8972
8972
8972
8974
8974
8975
8976
8977
8978
8980
8980
8981
8981
8983
8985
8986
8986
8989
8990
8990
8990
8991
8991
8995
8997
8997
8997
8998
8998
9000
9003
9004
9007
9008
9011
9011
9012
9013
9013
9014
9014
9014
9015
9017
9017
9018
9018
9020
9021
9021
9021
9021
9021
9022
9023
9025
9028
9029
9030
9030
9031
9031
9033
9035
9040
9040
9040
9040
9040
9040
9047
9048
9049
9050
9051
9053
9053
9054
9055
9055
9058
9059
9059
9060
9062
9064
9065
9066
9067
9068
9069
9070
9070
9070
9073
9075
9077
9077
9078
9078
9080
9081
9081
9082
9084
9089
9090
9090
9090
9091
9091
9092
9092
9095
9095
9096
9096
9096
9096
9097
9099
9100
9101
9101
9101
9102
9104
9105
9106
9107
9107
9108
9108
9109
9109
9112
9113
9115
9116
9117
9118
9119
9121
9122
9122
9123
9123
9124
9126
9126
9127
9127
9129
9129
9134
9134
9135
9140
9141
9141
9141
9142
9144
9145
9145
9147
9148
9149
9152
9152
9153
9153
9154
9154
9154
9156
9158
9158
9161
9161
9161
9161
9161
9162
9162
9163
9164
9165
9165
9167
9167
9168
9169
9169
9172
9173
9173
9174
9174
9174
9176
9178
9179
9180
9181
9182
9182
9183
9183
9184
9184
9185
9186
9186
9188
9188
9189
9191
9194
9196
9196
9196
9197
9198
9200
9200
9201
9202
9202
9203
9205
9210
9211
9213
9213
9215
9216
9223
9226
9227
9227
9227
9230
9232
9232
9234
9235
9235
9237
9240
9240
9241
9244
9244
9245
9245
9245
9246
9248
9249
9250
9251
9255
9256
9256
9259
9261
9265
9267
9268
9268
9269
9271
9271
9271
9273
9274
9276
9278
9281
9283
9283
9283
9283
9285
9285
9287
9288
9288
9289
9291
9292
9294
9296
9296
9299
9299
9301
9303
9303
9303
9304
9306
9307
9307
9308
9309
9310
9311
9314
9314
9316
9317
9318
9319
9322
9322
9322
9323
9325
9325
9326
9328
9328
9329
9330
9332
9333
9333
9334
9337
9338
9339
9339
9342
9343
9343
9346
9346
9349
9350
9352
9353
9355
9355
9359
9360
9362
9365
9365
9367
9368
9369
9370
9374
9375
9376
9377
9377
9377
9378
9378
9380
9384
9385
9385
9386
9387
9388
9388
9388
9390
9391
9391
9392
9393
9395
9397
9399
9400
9402
9403
9407
9408
9409
9409
9410
9410
9410
9411
9412
9413
9413
9414
9417
9419
9420
9420
9421
9423
9423
9425
9427
9429
9429
9430
9431
9432
9433
9433
9435
9435
9436
9437
9437
9438
9438
9441
9442
9442
9443
9444
9444
9445
9445
9446
9447
9447
9450
9451
9452
9452
9453
9453
9455
9455
9456
9456
9456
9457
9458
9459
9459
9460
9461
9465
9467
9468
9470
9471
9471
9471
9472
9472
9474
9475
9475
9476
9477
9479
9479
9480
9481
9481
9482
9484
9485
9486
9489
9490
9490
9491
9495
9495
9495
9496
9497
9499
9499
9499
9502
9502
9505
9507
9508
9509
9510
9510
9511
9512
9515
9515
9516
9518
9518
9520
9520
9521
9522
9522
9523
9523
9524
9524
9525
9525
9526
9527
9529
9531
9532
9533
9534
9536
9536
9536
9536
9537
9538
9538
9539
9541
9543
9545
9546
9546
9546
9547
9548
9548
9550
9551
9555
9558
9559
9559
9562
9562
9565
9568
9568
9570
9570
9572
9572
9576
9577
9577
9577
9579
9579
9580
9581
9581
9581
9583
9584
9584
9584
9585
9585
9586
9587
9589
9591
9592
9595
9595
9595
9595
9596
9599
9601
9601
9601
9602
9603
9603
9603
9604
9605
9606
9606
9606
9606
9608
9609
9610
9610
9611
9612
9612
9614
9614
9615
9616
9617
9618
9618
9618
9618
9619
9620
9622
9622
9624
9626
9626
9630
9630
9631
9632
9635
9636
9637
9638
9639
9640
9640
9640
9641
9642
9643
9643
9643
9643
9644
9644
9644
9645
9648
9650
9652
9652
9652
9653
9656
9658
9660
9661
9663
9664
9664
9668
9668
9669
9669
9670
9670
9671
9671
9672
9674
9675
9676
9676
9677
9678
9678
9678
9679
9679
9680
9680
9681
9682
9683
9683
9683
9684
9687
9688
9688
9689
9692
9693
9694
9695
9695
9696
9697
9697
9698
9700
9700
9701
9701
9701
9702
9711
9711
9711
9711
9712
9714
9716
9716
9717
9717
9720
9722
9722
9722
9722
9722
9722
9723
9723
9723
9724
9726
9727
9728
9730
9731
9731
9734
9735
9736
9737
9737
9741
9745
9746
9747
9748
9749
9750
9751
9753
9753
9754
9755
9755
9756
9756
9756
9758
9758
9759
9763
9765
9766
9767
9767
9768
9768
9768
9769
9772
9777
9778
9778
9778
9778
9779
9780
9781
9784
9785
9786
9788
9789
9790
9792
9792
9793
9793
9795
9795
9796
9796
9796
9797
9797
9798
9798
9799
9800
9802
9803
9804
9806
9807
9807
9808
9808
9810
9811
9811
9812
9813
9813
9814
9815
9817
9818
9818
9819
9820
9822
9823
9824
9824
9826
9826
9827
9827
9831
9832
9832
9833
9833
9834
9834
9834
9834
9835
9838
9842
9842
9844
9844
9847
9849
9849
9849
9849
9850
9851
9851
9854
9856
9857
9858
9858
9859
9859
9862
9862
9862
9863
9864
9867
9868
9870
9872
9872
9873
9874
9875
9880
9880
9884
9885
9888
9890
9891
9892
9893
9893
9896
9897
9897
9897
9898
9899
9900
9903
9903
9907
9907
9908
9909
9910
9911
9913
9913
9916
9916
9916
9917
9918
9919
9919
9920
9921
9922
9922
9923
9925
9926
9928
9930
9930
9931
9934
9934
9934
9936
9937
9937
9938
9938
9939
9940
9941
9943
9943
9944
9945
9945
9946
9947
9948
9949
9949
9953
9953
9953
9956
9958
9959
9960
9961
9962
9963
9964
9966
9967
9967
9970
9971
9972
9973
9973
9978
9978
9979
9979
9979
9981
9983
9983
9983
9983
9986
9989
9991
9991
9994
9995
9998
9998
