3080
6645
9683
1723
5308
7404
2599
2246
2006
1949
9939
3052
1855
3071
631
7841
8972
1744
6905
2099
4342
3273
1865
5820
8392
4550
3754
8396
3785
7188
7005
8278
3947
5403
8655
3578
7923
2158
4663
3619
3418
9216
8713
9121
5667
1866
4062
2730
3998
1003
983
2652
1580
1375
4384
5415
1924
4034
5682
41
214
6263
5211
297
7678
5492
4321
968
5387
4161
6213
6677
2736
2817
8341
7520
570
9311
3013
1553
4035
6477
6511
8570
4663
3993
1224
3514
6149
5585
8981
6563
568
9576
1581
5183
1175
6089
6273
2238
4698
5068
2170
1459
6334
9047
897
224
9898
1895
7909
1231
355
7007
696
883
5917
3407
7579
6574
5427
6009
1419
4548
4360
5088
3196
1584
79
162
2101
6645
5208
6712
6924
2535
2093
2459
2612
123
3804
745
2484
445
5733
9688
7674
5377
22
1002
3648
5580
1157
3138
5997
1491
686
5399
447
6515
7070
8934
5255
2660
9695
1100
2022
1144
6628
1396
7719
7624
5864
2702
3788
1777
4450
9873
8510
5978
6780
8338
8479
5418
5172
3061
7106
9640
6530
7748
4270
2594
795
4654
7183
738
2214
6577
1245
7518
8061
2459
6305
4047
6470
941
9413
2341
9522
9474
6731
6904
8341
1614
8897
5505
9112
2890
6067
7691
1228
9551
1681
2500
3104
6129
7955
7785
3012
7199
4459
5793
478
6039
8154
5464
3901
8815
261
383
2701
8658
25
7746
1979
4439
2269
9162
5049
760
3895
3556
4771
4562
7473
8978
5651
4888
109
9920
4690
6125
2071
169
9472
786
5514
1627
4327
4316
7782
6985
4475
5849
7473
8384
5620
5061
4811
1468
9326
1368
8534
1595
3968
5010
2517
5906
6061
1786
7572
9711
6664
3924
7801
4910
2139
6369
4794
4272
3498
75
2272
7753
9603
6033
3386
2378
1240
6367
516
5870
9793
2129
2088
5384
3515
2234
8230
7229
7926
400
2273
1710
4542
8571
8682
2649
4311
6254
3793
8815
2287
6132
6265
2201
8814
2447
9004
6967
4241
8653
3918
4186
264
7020
1894
483
8764
2208
3803
6955
1877
866
9227
6916
747
2683
9521
8848
556
9393
8312
2657
2221
9937
1147
7136
4340
6590
6959
4146
9606
9624
2868
5527
6060
5505
8375
6133
6347
8316
44
7461
8980
1575
1450
12
2825
9051
3975
6268
4177
4065
2773
5180
8878
807
8845
4966
4381
3748
9580
5120
2974
1624
4059
4605
1237
3607
5492
788
1855
1351
5537
3953
7337
4712
6118
5963
8974
9572
706
1574
2751
1271
4067
3913
4024
1009
4600
3699
1409
233
8890
2010
6802
1636
3661
8964
8586
8374
291
4889
7698
6745
3875
1704
1021
716
4568
5114
6979
3549
4460
5956
7054
5802
471
3905
9013
1909
1427
1407
3863
3382
1074
7224
4202
1285
2225
6212
5173
2344
7822
2557
8634
105
3033
1587
8376
1052
599
5329
6976
463
6061
8976
2134
3475
5499
6650
7547
2283
8422
6226
1689
8787
2010
8546
638
5138
8080
7861
1260
1842
1757
7126
2848
3376
5995
73
946
8207
2172
920
9756
4434
8571
256
9007
6666
1286
94
8450
8316
7993
196
9101
8599
1740
8512
6693
6868
4561
4415
4152
6991
998
3918
5340
1445
9058
3697
4546
8462
1405
7112
8465
4221
6672
7790
5728
7702
2432
1395
1204
832
3093
9885
748
458
2768
1643
8072
7555
2156
3050
4353
3396
5843
7468
1765
9377
1828
1829
3730
6353
116
2183
1365
457
52
6865
787
5472
465
6931
4872
830
4449
229
5549
3030
6220
6137
5600
8454
8057
8239
3871
3228
3515
455
4596
5803
1692
9436
1784
4671
5353
7023
9073
9485
7245
8369
2478
5423
3842
9525
869
8414
4405
3461
6698
8769
8458
6644
9683
7157
1073
4516
6217
6909
935
8617
2498
5068
7647
7086
3501
5536
7250
2806
7325
1218
4565
8789
3994
2955
5179
3985
1268
3866
314
179
7817
1155
2
2562
4153
9737
555
7554
873
3119
4718
5833
5413
3388
935
2642
9641
3789
1177
4390
9745
6816
1635
7447
6639
30
6786
1567
493
2104
71
9353
6803
4693
5530
6973
2428
8602
6399
322
4357
7100
104
7967
6709
7154
8875
5106
5235
8062
9430
5845
2308
8238
1392
6494
3844
5166
673
7207
8087
8224
3188
8941
5824
2142
2188
2172
274
3567
1814
4154
6390
9577
334
7331
4876
1863
4868
774
1285
8011
1231
7693
8879
388
7314
914
4386
4067
239
6128
3180
3659
1418
6345
248
4520
4048
9671
1349
4625
3319
7684
5427
5072
38
5453
752
3186
7321
8772
293
4314
9966
9669
139
8347
3428
5756
1938
7302
1349
8933
8322
2784
2592
723
4179
4936
6572
197
7195
6408
5210
678
6966
9129
8011
8613
7531
6972
722
6597
6268
8678
8714
3493
7422
3531
9835
9970
2746
8159
1257
3739
5650
152
622
9605
8760
6456
458
3696
8940
5419
632
7434
6933
8316
5506
8467
3523
2636
2871
4577
9186
3829
252
7333
7184
299
7185
4269
6258
3717
2454
2347
9652
3883
4429
3350
8337
8704
2257
3791
66
8338
7736
615
5530
223
709
9727
465
843
2113
3104
526
3519
8747
3037
1003
7652
9437
501
660
2081
8817
5773
5472
7808
1780
5150
8756
6791
2058
6090
244
6486
754
1253
7227
701
3195
2481
1372
5824
7335
5403
506
2525
8063
9973
37
6461
8327
579
5638
6842
1156
7017
7838
400
5451
6564
7370
5158
267
5417
425
5823
9998
4908
6928
9388
7772
4338
2686
1988
737
5832
3612
3879
4528
5653
3335
543
4440
9245
2386
3689
2742
2760
9365
2002
7067
914
266
3733
2527
3044
2218
9716
8021
5508
6579
4181
3409
6584
429
3919
3368
512
4765
7172
327
5109
7833
5586
3367
6845
8062
1029
5471
1664
7790
367
6026
959
9502
3467
6939
2228
5119
8942
8990
7045
4090
2303
465
2493
4050
5304
5747
9468
8693
4717
8411
7053
51
1917
2316
6553
1330
5527
6472
8843
433
3423
7811
5683
4172
6336
7465
4367
8208
6148
4850
1879
8879
8162
7300
9015
9813
8
10
19
556
922
7589
9413
4397
41
736
4379
5128
5942
4264
5855
8038
969
8443
743
3805
5342
3296
3918
8452
1391
8088
2434
9096
5496
899
7856
9102
3766
8838
7852
5321
146
6363
9334
4862
9565
4154
9161
55
987
2599
6246
5397
213
1724
1857
7737
7274
552
6250
2404
7671
40
1198
1630
1831
7941
1630
8420
8027
2686
5953
8390
3309
8471
406
8864
3042
1410
8109
2054
5934
1086
2775
725
3004
301
2042
8504
7183
3978
409
7273
1555
7050
4563
4872
183
4802
475
2161
5039
858
2905
9433
2356
737
5439
633
7663
4657
2958
1966
7078
7332
1881
4592
5830
4598
5450
7377
8370
6317
2965
2617
2555
8775
3450
5952
1825
9251
2670
7067
8296
435
5660
6859
255
3519
9223
5058
2493
3822
6580
439
8972
7569
4758
9916
5354
1120
6298
2670
3470
4473
6932
3116
7592
3718
4377
732
7357
1519
4015
5003
4865
1807
5698
7811
5461
267
232
6610
4003
7681
1911
4089
7191
493
3509
1970
113
6914
4400
357
5065
6743
6240
8572
5458
2623
6698
9349
2866
8766
1222
2953
7520
8681
8403
3707
5759
6893
8921
4883
1610
7250
4719
8267
1104
8961
4990
2217
1587
6804
9638
8991
7835
6654
2335
8367
2352
7851
2595
5139
8232
2312
5755
252
8142
2534
3687
9161
4420
9003
9425
123
8298
5162
6372
2599
8335
5524
2505
3403
4823
4463
7490
324
9181
9126
347
5311
1883
4001
5390
5710
8825
406
5526
4126
6018
3696
7062
3063
8509
9135
7866
9395
2762
1824
1070
7139
7531
2431
8574
8926
581
4106
3502
4843
7527
8776
7387
1794
5067
57
161
7406
9338
6527
4895
4149
7845
7502
2408
267
577
1216
9579
7651
2803
957
5845
1752
3900
7785
9397
75
4262
7725
4353
4542
624
7146
4247
5328
2023
4476
358
2538
4422
7244
7438
5018
7726
904
901
2669
2505
1639
9116
499
1932
9591
3329
2269
2603
458
5926
4954
5906
3393
4018
147
6177
2711
3703
5779
3047
97
7796
459
3587
9892
5947
9317
1638
327
2085
9831
1661
955
1941
4826
9998
2536
3451
492
896
714
5562
5091
192
2493
9307
6659
1217
868
7747
3666
5844
9232
1587
3721
3529
431
2430
9213
2965
6578
33
1120
6436
2180
1038
6482
4256
680
7273
5259
1522
2978
2151
8830
1977
4185
5395
9510
1033
6715
9283
9092
2758
5809
3674
6380
273
7285
2576
1996
2498
8242
8255
1871
6247
9722
5839
8129
4907
5454
3156
5844
8250
4137
8758
5170
5220
3709
4754
3940
9169
9507
1503
7282
772
4301
4371
3996
867
3039
2359
5608
8437
1677
6489
6157
4301
7686
9456
7552
8486
4370
597
1325
3104
5239
7664
2696
4058
9618
8224
8388
2960
2660
5743
1348
7047
9723
4053
864
7846
4436
365
7578
8087
9325
8373
2322
2063
7103
6985
7655
1706
9948
850
3983
7435
7029
363
648
34
5471
6709
2799
766
7591
8092
6754
7846
404
5929
17
307
3452
2696
7786
1696
6938
7613
1910
2020
5934
2739
6461
1455
3556
9077
4833
2547
1642
7569
7850
9333
6445
9481
5853
1972
1571
1084
4083
9610
2447
1573
3223
2833
3456
4674
9536
4151
3578
743
736
453
1833
7476
9884
3724
7107
501
9165
1841
3678
3672
8246
11
2723
340
7734
4218
4337
936
9040
6187
804
9858
3754
6569
7511
8065
180
2213
3319
2669
6121
1897
1082
1173
650
1914
289
409
1001
4205
7434
5050
3667
5835
7801
9759
130
8935
2551
4153
2450
3296
8203
8024
9154
914
2841
1087
3261
2818
1848
2822
5818
9145
729
255
4912
2368
1636
2459
334
4014
5829
4526
1066
4142
1255
7200
5161
5812
7039
2613
4719
6833
3453
607
4630
3525
6366
3939
3604
7541
7094
4538
7385
1549
908
5896
1174
4999
4694
3138
1428
7741
7015
9676
4211
5211
3206
6032
7522
1097
1089
5718
6911
1799
3137
512
7968
8618
1935
3269
4993
2598
8600
5681
1582
3948
2525
186
4756
8199
4622
8998
1747
4577
3305
6219
294
9499
1549
9688
2342
3757
2147
6546
5212
1674
9919
6241
7382
5896
7556
2173
2492
1614
918
2483
6211
511
9572
9964
7169
6695
8821
2191
1330
275
1169
7397
8859
1029
3028
1662
9021
2088
4591
163
8156
737
1472
3596
5361
1623
6467
8499
7357
5621
7448
1240
6734
8125
6807
2981
6743
5391
770
7701
2347
3306
9546
129
1802
2306
2164
3820
2927
7107
9724
2544
6633
8981
9851
6743
3129
7553
534
1007
4891
7522
9367
6616
1193
7471
7616
1743
2460
6600
29
3344
2308
1471
8761
551
6138
4938
6788
856
3700
6390
8547
9953
9417
8270
9352
9916
645
9227
1316
441
6591
398
5626
571
826
7485
2310
7969
121
7274
3934
5304
9158
826
4376
4016
6772
7940
8044
7532
6947
8536
6219
4030
404
643
7584
178
2143
3216
69
9529
8001
1968
9562
6201
2841
6430
3666
4291
8949
6236
3134
7062
2345
5682
574
2322
960
4969
7621
6975
7013
402
4828
9470
5844
2780
1002
2961
2285
7110
2210
1911
8089
1825
3981
1130
4256
2522
1387
861
4986
2487
8820
7696
2820
4144
6771
2022
1078
9856
517
9609
2514
9867
8927
3580
9872
466
8302
992
2776
9525
2850
3211
2639
9737
3310
4119
2517
538
3801
8743
7694
2434
8264
1887
273
5339
1008
5044
4621
8306
2279
1458
802
8604
1690
3949
6207
5197
7028
8137
6824
4566
4030
1038
5322
2879
9746
1222
9346
1814
4468
3753
586
4358
6515
1612
5894
9420
6556
9141
1439
662
4528
9681
2429
6541
1527
4618
9226
7572
8037
5555
836
5665
9180
6678
7700
299
8803
6865
5197
4869
6645
5387
598
6715
1932
7213
6844
4794
5311
4671
6498
213
6666
3200
7754
7397
1006
539
121
8368
7192
7238
2726
4509
9734
3405
3683
8455
3768
5534
2031
320
9443
2358
4250
9832
1723
4636
1787
3662
7170
9516
5423
9350
1404
9303
339
380
9622
4184
6276
3000
1974
2778
1908
1043
2980
8169
9536
1208
9545
7319
5007
7038
2742
5360
8718
8678
2569
7119
890
9248
652
8002
7886
7874
1999
876
2478
8491
3799
4473
1890
8757
4870
7367
6535
6234
1436
9908
9410
9833
3278
2370
9095
2152
9511
1538
7993
1164
5533
6272
291
263
1205
907
9750
2993
3321
3640
740
1290
4121
1239
748
5871
1680
9030
3495
7611
1784
4004
2579
1936
960
1977
9693
6582
3485
1717
6725
7074
6687
3766
396
7515
9510
3757
929
9322
9716
3379
7661
1056
6405
4600
5595
6445
4284
3085
3948
5421
7632
7827
5129
3605
9127
1955
6474
2271
7025
1471
9144
834
8184
9640
4814
8998
4870
226
7525
582
1608
1477
48
1094
7858
5590
3221
9991
2339
5989
5021
9241
2282
5192
2109
33
2089
6488
7846
9419
2185
58
139
4274
7183
1232
1425
4797
9053
1505
6923
6204
1036
2151
7910
6804
2616
4455
8306
7894
1580
1495
9811
1367
432
6363
9847
1051
5776
2592
3721
2020
7951
4252
6949
3866
5228
1477
2381
491
7988
9698
2699
4725
6744
2447
5528
8000
1744
661
7884
4482
2751
4489
8455
654
2009
820
5327
9437
1123
7347
9979
2319
234
8975
9168
6259
3335
6143
7497
2677
7298
4429
5245
2088
9092
7783
5916
9365
1537
119
6873
3186
981
7157
4287
6982
5566
26
3421
7068
9611
6201
4003
6359
1875
8362
4274
7205
4137
2134
9167
1750
6767
6234
8376
8878
1753
869
826
1065
1379
3492
2547
383
8101
4513
7683
8489
4886
1896
5816
3235
1567
4666
7450
1201
5409
4068
9332
5399
8041
5346
7445
6356
5875
7633
9958
5855
6174
19
3516
8757
8654
2358
64
1553
3095
9943
9453
4333
5145
8019
2089
4631
5095
3854
2408
9400
7532
5895
4830
1409
8768
8348
2196
8935
1031
4826
8509
5650
7115
6376
5976
192
7675
3044
6936
9583
7188
4126
211
4698
3983
4740
2472
5363
1611
477
5237
2834
1869
5626
5304
445
581
1002
6484
7417
2802
1533
7670
1071
2648
9451
6168
5843
1377
5558
3029
7537
451
6109
1006
3561
7665
4851
4013
1405
3076
5775
6569
6103
4507
9797
1481
5121
1056
3237
7644
6287
4221
2386
6200
4031
1390
518
1858
2741
697
9124
8862
352
5196
7774
9926
3153
454
360
8880
6141
7529
2125
7467
369
158
320
8139
997
1081
8885
6214
1060
2478
1234
2445
9386
5268
288
5711
639
5194
2182
4538
372
888
1064
8259
6731
5238
6956
9896
364
786
4733
8805
7813
8766
2163
708
4434
4857
6307
2536
2733
1695
1139
8171
3864
9523
8465
5734
5848
6892
2388
5282
7348
3693
9059
4333
1343
4602
5077
9471
2274
4744
1641
1885
6109
4436
5670
9741
3039
1591
9461
4619
6101
5688
9918
9196
1599
9938
5889
7601
1241
1975
6615
4206
2905
1398
6599
6907
9524
825
1612
7899
9174
1842
951
5052
9489
5431
8706
5374
3525
4875
5141
279
2514
9663
764
1990
1370
2841
6232
4022
6874
6324
8181
6774
8842
2328
9660
4551
371
347
2666
5061
1313
2296
1905
9849
441
9711
2813
1166
4476
7774
8506
3300
508
1294
7156
913
9359
640
3230
3678
4898
9978
6855
3569
1600
8125
9818
9031
8467
2073
8022
1493
810
7939
5501
2094
2476
4933
1520
1959
7419
2199
2011
3433
6252
2413
3485
7143
6391
6288
6219
3985
5722
2674
7158
296
9490
8204
5945
852
4957
762
9447
7314
9962
5610
6645
6337
130
2912
2036
4319
8523
606
946
7471
5866
7314
8897
5279
697
3280
136
6631
777
1074
4520
2244
1002
5293
2514
4789
9240
9174
7927
3301
168
5461
7536
8635
4500
5161
3551
3327
5827
1531
1734
5406
9261
1687
6215
3968
7917
8425
2747
9271
6984
8772
9126
891
2029
8201
9595
4356
1741
4230
3661
9815
8541
957
1510
8244
6634
4582
7243
255
7548
1287
8095
8734
4606
915
7478
8051
5565
4609
9117
1067
7822
6287
7609
1765
3109
6279
7325
9031
1140
9777
529
2334
5761
8872
3663
8692
4139
6545
2430
3191
6542
9497
6581
455
6628
4543
3944
9184
8558
9730
5447
7145
564
8300
3048
1052
6650
9423
1441
2567
2676
6591
7162
4226
987
3761
227
7779
1184
3345
5954
3646
304
3562
2112
2305
8312
4578
6084
6911
9227
7764
5231
9674
5202
1954
7738
1750
8003
8074
509
4684
7078
9608
5874
1213
2483
9021
3034
968
1888
4207
8334
7182
970
5265
9672
7523
3666
9956
818
3127
1770
3229
3103
1254
8287
1321
3193
5821
8857
1519
8699
9374
1633
6229
8192
1365
387
3062
1212
9068
9700
2514
2074
2781
6389
3094
4309
2550
4953
8237
4282
7617
3331
9495
989
4292
7396
1866
2908
3735
9380
1286
242
3828
9118
8013
4861
3412
545
3139
2257
5015
6323
1346
3357
9012
5209
2689
2207
3634
8229
4982
4596
2517
159
2170
883
1630
8360
1516
1291
2156
3306
3288
2201
9512
6100
6217
5839
8432
677
4284
961
7089
1718
3480
3121
2330
4557
9163
9614
4687
575
4374
793
5083
1446
2940
1448
378
8036
2359
4734
7334
7318
8444
10
9392
172
6256
7535
7090
376
4842
484
4002
2405
3082
5981
1545
666
6475
74
2196
95
5830
9423
7691
2719
2343
340
9153
4303
8947
8845
3404
5502
5450
6396
9637
9949
474
8341
3473
2177
6468
9587
8737
3159
4019
5769
583
7175
1898
3804
315
5916
156
5183
5069
5219
386
6351
2539
1602
7225
1216
4085
1051
4619
2455
3455
9536
911
329
8487
7721
1363
1556
248
4245
2616
5533
1261
5133
478
2778
3002
2655
7858
289
2600
9289
8694
1105
3856
7092
64
7583
986
100
4037
2115
7254
5133
6536
7556
922
1592
2269
3585
6221
8022
1059
7538
4979
228
3345
4574
4650
7023
832
3406
5253
2682
6666
6290
695
4494
2801
1202
3603
658
2339
2136
8945
2891
3244
524
4691
4709
8012
160
1385
6803
2299
494
1025
5555
9403
7902
9459
5685
1741
4108
3116
3326
2550
1962
6618
5784
4931
4545
8248
8140
1466
9342
713
5523
1091
8955
1594
3705
727
8603
6435
2227
2376
9562
1039
6082
3634
3236
2061
1865
3569
2261
4165
1020
6834
1009
9455
1193
2878
8229
4656
2603
2212
6157
710
6764
2598
1783
247
9851
7559
4600
5269
1423
8099
7423
4548
9723
1568
2183
1359
9810
7300
8640
3192
204
8855
847
239
282
9994
3156
2148
1510
2072
605
3056
8607
4444
4394
9921
756
7267
1137
1589
5310
2131
2131
3434
3491
4812
9182
4994
2025
846
468
1180
5495
1260
5564
4273
8098
6560
1144
2397
6967
8462
6311
8911
6835
237
1387
2242
2507
851
2333
2300
3065
2368
4799
7463
4581
7215
1507
2111
2037
6280
2491
5931
6149
1706
3776
2831
7946
2551
5991
7729
5715
1039
1425
2634
8257
7746
2114
6720
297
8160
6836
5810
424
8099
1916
5988
4823
7008
6493
7819
9934
9834
7596
363
3293
3927
2468
4223
9689
2103
7947
2824
7444
2
2468
5627
5169
2737
1302
2452
3958
2353
1662
2031
5842
1075
1953
3480
689
4663
9844
1505
1294
2970
6191
2517
1000
509
5918
7194
8680
9049
6474
4716
8178
1631
4329
9720
6426
4069
1201
3654
6265
1598
6659
6843
4336
4440
901
7837
6060
2269
7328
5752
9947
8546
9596
1088
2446
3508
6776
7528
6831
1379
254
8323
6884
8287
6422
6554
1909
8595
506
7965
9099
2911
7275
397
1945
3803
130
8233
9456
1384
313
183
9053
6345
3883
8822
3750
9362
3288
4209
4309
6784
4414
3687
7171
4569
9301
8201
9753
4565
9897
7075
1747
3853
9022
6046
5734
8931
5759
37
6804
722
231
391
4493
8616
6036
1885
7368
6753
1000
3261
9538
2645
6066
430
1750
6693
812
1004
9119
9922
966
558
906
2527
3012
4182
8255
9288
5892
5433
1440
8467
9650
704
1475
8997
559
8798
1469
3208
3823
3907
7504
4972
6002
8832
1814
8652
4405
44
190
9539
58
5879
7911
350
421
1165
8619
5731
6777
4493
8574
1650
2898
9722
5158
8059
2868
433
6093
4032
2964
9644
1444
7772
6997
8759
4891
4981
1895
4674
9711
5214
9963
86
1507
2048
793
2091
4194
7114
4949
5176
3587
7847
976
9245
5567
1599
3131
2782
5919
608
3537
7169
2857
3678
8277
730
5916
6296
9626
4676
4377
2909
9922
883
7846
127
969
3559
6141
5384
7859
5028
970
714
3874
2576
9909
1275
2428
2493
3036
4864
2413
2983
7029
5017
1050
2080
7234
990
2310
9643
2981
3816
1159
5557
4951
5939
8923
906
6644
3250
2168
9479
921
6148
8257
7292
4721
6742
6592
261
6939
9273
7600
4025
272
3813
7434
3570
8596
9070
259
6830
7035
7749
8579
9285
8254
8611
2697
972
606
2050
3757
3546
2744
1660
5318
6937
4794
9048
5133
207
8997
2385
7170
4270
9923
6250
9838
5544
1627
7248
3849
6071
4610
4222
1836
9595
596
7815
7625
6565
7796
47
7722
5669
3152
5306
7384
6559
8713
3402
2317
1571
753
531
2027
8125
4342
8209
6046
698
894
9388
6288
396
9267
5211
4268
1903
6689
2071
2949
1997
5165
737
1143
1103
6265
5687
1310
4406
549
7475
6086
7641
5624
3348
4211
9807
144
2497
1362
2383
7302
4363
9152
1574
1125
1314
8425
8441
4188
4907
2435
5852
1762
6241
9245
2994
8074
9178
2322
1301
8167
8635
3602
7897
7202
3790
7522
6732
4970
3314
4771
6305
4698
1588
8545
109
1329
2829
8845
7633
9854
5932
989
9913
9355
8374
4770
9604
7516
3771
1243
2966
3223
107
1240
4170
950
888
4129
588
5787
93
7239
518
1571
6559
1707
3545
975
5284
975
4718
623
5298
3578
7469
3503
8648
9680
1550
9862
2467
6192
4927
2860
8650
9055
7877
2509
5914
4566
3494
6748
6425
3416
967
1049
5317
1479
2625
8789
61
5015
2825
8070
9235
2466
3312
790
2736
4077
7336
6097
4344
6427
1449
783
1344
4625
8322
2158
1757
6666
148
6868
62
5468
8715
899
9981
2459
6830
3454
3778
380
7434
8411
8985
6589
970
4362
6005
8355
7818
9077
6261
5731
9995
6183
3269
9205
2697
2050
1848
3862
8444
2348
1221
941
1644
9066
4912
3152
2680
4672
4442
168
9145
5271
4635
3875
9938
7312
751
3816
1739
3529
1151
1792
5071
4813
3666
499
5010
7280
1859
2416
2247
4252
7045
7666
3824
5365
8852
2127
7127
8708
9758
9458
6446
6914
6818
6156
6754
9299
663
3750
7429
9893
5264
4058
7147
5145
1470
5427
2693
2049
7383
1426
2461
3595
3302
4386
6145
9789
2787
3551
4163
7313
7125
9778
7408
1779
3940
5328
1152
3769
4660
7892
1102
2178
2623
5881
8200
7746
7010
125
2761
733
7947
5587
3189
7953
3761
1831
149
4201
6548
1655
980
8800
8103
9104
760
179
3260
6119
7141
2426
5822
7962
1327
104
3332
7909
8942
3136
309
5481
7351
9579
231
9658
2809
3159
3581
9944
1429
7874
7744
737
4577
6968
1180
164
2046
4297
9807
8857
4697
5231
4158
6592
7327
5262
5272
6391
8821
1164
3855
7759
6487
7779
3156
6769
1199
8837
7618
2349
4536
4720
62
1764
9619
6642
4541
2135
234
4798
1927
1166
5300
8703
3834
3934
5144
6653
5170
405
6021
9934
8760
744
7009
6399
1721
111
8672
2867
2120
4654
840
8826
4966
4696
5042
1974
529
5103
3876
3146
1275
1807
1933
4852
4253
1052
1472
7916
1995
9096
2997
3037
8601
7434
1948
8372
1470
5708
2580
4151
1336
1683
1291
6153
2769
628
6822
4299
1184
9445
6643
2052
51
9602
3549
9475
3436
3762
5360
100
9097
2745
8174
6162
3881
4510
8386
9581
6795
5184
1778
5388
8137
4708
3034
68
6022
722
8599
9817
5475
3682
7329
5028
3768
3441
604
6631
1873
1560
976
6125
2070
1694
1480
2181
2032
7869
4057
7776
1561
2995
8324
7528
2324
4218
29
5812
1661
1737
1052
4681
6529
1084
9844
1300
1249
6114
2290
9701
4211
5926
4840
1854
5354
3585
1579
8829
4647
5389
1818
8117
4015
6429
8544
2548
6159
2683
4124
4336
6094
6033
830
1603
7170
1373
3221
4729
6326
9407
2071
9256
2026
2020
1360
2255
1163
9960
5871
6562
5781
8632
1341
405
7414
2838
7503
6215
3300
720
9518
2929
7346
6035
1622
4318
9919
3483
8843
3822
4448
1775
6611
726
2127
6987
7295
2474
2259
9661
491
4093
882
1140
1257
1848
1093
3478
6233
9785
2635
9234
8301
9054
1216
4229
4777
7587
8687
32
3216
4488
1606
6201
4077
9495
4409
9953
4527
5060
250
1591
8617
2230
7863
5675
1480
7061
4932
1365
2806
1076
1675
39
2143
7584
6817
4240
1458
1658
9850
1155
730
1746
8800
1271
6910
276
6768
8192
5590
1672
7286
8558
3855
1732
8795
8676
9808
2533
9355
7884
1262
6158
396
4168
6141
2495
9339
9756
1560
6106
1177
667
898
9090
8646
3936
750
501
1261
6494
7069
4140
529
5129
6854
7152
2678
8567
4698
9391
8099
7249
1608
2127
2934
7406
9438
3474
6216
4530
8178
5995
5667
3298
48
3584
8769
5676
2741
9697
6871
6101
6203
1704
1522
9778
8693
9601
5440
219
4190
4476
979
2045
8125
4336
353
6448
1836
6546
6496
680
8681
7414
7712
6831
7932
5238
2873
1875
4298
4577
2278
4700
5354
8245
8514
5504
262
2912
5474
3258
1444
8195
2819
9385
3829
7464
8950
9973
8253
3446
9769
392
9173
243
8633
7194
6654
1465
5204
2445
2807
1180
4787
1962
2000
2283
6903
3675
8415
7476
9796
5451
7507
6669
7292
4747
472
8912
8109
3111
5963
2247
3405
4216
7262
9849
9444
2299
7901
6019
556
2898
1618
9339
9701
8473
5974
6977
7100
1260
8745
1942
652
9318
245
7889
5845
9213
4078
9872
5212
2973
124
1196
852
2
9291
929
5323
6506
4018
1132
2568
4346
1124
1605
3716
9568
9460
8431
54
9753
2812
1518
1684
6596
944
4489
3238
3926
1102
2559
4573
351
8249
8718
3332
3965
7574
3666
6678
6159
2470
2604
2656
3501
7685
9859
3224
2567
8066
1855
2799
4555
1984
1363
8995
2699
477
6506
312
94
5041
214
9127
8021
201
2341
3687
2384
1461
6501
9772
1283
302
4713
7245
4372
6396
5933
8778
166
1447
9862
5678
1130
5293
5966
81
7796
7603
8622
146
2828
8127
4332
9811
7975
3734
9768
6996
1605
737
7202
3333
3884
2453
846
9910
9333
3859
3754
625
885
2685
2479
4043
2239
1578
8070
2135
5735
3436
5693
2972
1770
1328
2970
6184
3117
1718
576
4420
4643
4994
6256
5785
5187
1746
6257
3699
8057
5408
2739
3174
5852
1674
4368
2095
9008
5648
4212
9276
9581
6974
4446
5726
9391
1580
2440
270
6639
9378
1748
430
738
7023
711
2481
97
5052
9147
509
4121
7884
3327
528
3715
1735
7601
4577
935
8280
9183
5320
1612
4035
9018
6961
9299
2858
4541
8253
2645
9826
3213
42
8570
8354
3104
7396
8268
5436
2355
2779
2859
6863
9751
9255
9570
5772
6123
6777
2042
4519
8800
8244
558
3857
8185
5772
9630
5108
3169
6014
1687
8526
1234
8816
8579
4785
2531
2506
270
8314
594
3493
745
3889
4498
9011
4962
9040
6822
64
4723
920
9903
5719
9897
8032
8130
1800
2424
7008
2174
3592
9070
3293
2252
8393
6805
853
6343
1180
1421
5918
1519
1716
7082
4777
8313
221
3417
7453
5689
813
1432
7234
7587
9577
4023
506
2445
763
1482
8743
1961
723
6544
2601
4578
956
425
4294
149
9249
3491
3903
4659
4287
1237
4081
1267
7468
2144
6505
8893
7016
5763
4716
6276
1347
9310
342
3828
624
1738
6464
3965
4072
9543
7272
2237
2002
1141
5420
8885
8401
7463
278
1413
1358
8180
7855
6154
3960
3104
9581
4473
1674
5835
1663
3116
6716
8584
4491
7916
3724
8193
3365
639
4462
8249
7715
5589
4801
6258
9438
206
1093
768
8172
6126
9162
5710
5356
9555
906
9167
2417
3414
1098
5368
4035
9040
1068
6652
2258
7760
185
1447
3068
2698
7949
9296
4993
5169
1475
8681
4134
2792
8403
56
295
5014
1706
4459
2880
1848
905
727
8637
8571
7680
6450
368
3243
9484
4770
5299
2741
7902
7701
6239
4644
6446
2994
2524
3386
9152
4144
7722
4652
1110
1190
15
1700
3542
659
2690
8897
9021
6319
1448
1905
1588
8465
4093
4242
8435
642
3158
7958
851
449
2276
9237
7096
9945
1610
8359
1038
1217
2691
3746
9683
9250
5822
4448
838
606
8556
357
6175
9230
4716
6624
6303
6397
3987
512
4089
3956
498
377
9089
8789
3779
262
1203
3356
3141
1777
6423
1298
7496
4593
5988
2996
5786
1700
9235
8964
212
9677
4054
1966
4655
6735
8616
830
6491
2619
2310
848
1568
1606
4911
7416
3158
8063
9768
9491
5891
8271
9603
1389
7635
5506
1584
5940
3101
997
3220
7693
1667
8561
5738
3478
9834
9191
8632
5180
5083
8315
3123
3902
6809
3430
2229
1089
3251
5703
5182
2758
989
7114
8184
1321
1802
284
496
5274
4381
2830
3362
7121
129
4200
5699
1934
3940
1119
4229
159
9211
218
6247
454
5170
9505
2731
5706
3940
5575
7837
9548
218
4986
5856
989
199
9288
2602
175
7523
6789
8003
409
5381
5882
6410
9182
1319
3216
9369
384
7061
893
2795
8752
4566
8126
1418
1690
8303
22
1213
8239
9412
3206
9618
5891
1760
2830
8552
6265
6614
5410
3265
779
2105
5616
1734
4590
361
7425
1324
7765
8319
2239
6341
1797
2492
534
3834
2297
3693
6253
9559
8119
593
7735
8711
7122
6925
8853
7618
8385
5328
334
4116
9824
2019
9202
9696
5670
5652
9259
2373
4279
6947
4405
159
6267
3259
4304
8833
4687
6197
1428
2978
5994
2602
1940
6758
5842
2104
9717
3231
592
2455
609
6066
9201
5580
3463
3551
222
8590
4406
3644
3039
7335
5802
6145
828
140
5493
8585
548
641
3730
6807
9585
4935
3830
2391
1579
743
9880
6823
620
9140
994
7941
628
1980
3480
5179
1423
8463
8729
9577
7219
8148
5860
1425
590
3223
957
5801
7168
583
3439
7772
8596
3904
8820
322
8389
2260
9283
8450
8191
4415
4282
6341
9731
4683
8124
1692
9967
6913
7196
2388
61
2321
571
7289
7115
4948
8799
6506
4667
3856
8020
7835
9179
6476
9735
272
4232
9269
1665
7865
5007
2432
7280
3944
3893
352
7292
8827
2999
3466
2185
4838
3172
3224
8648
1953
6713
8411
691
34
8765
1492
4265
4812
6703
4741
1270
6344
4364
1427
1783
1746
6454
2462
365
3976
1633
9925
1904
7551
6880
4
6245
1303
991
1263
8131
7791
6610
9059
1250
731
5246
8795
7221
4517
8518
369
8298
2115
9642
9893
2656
6472
7130
3363
4088
5741
1537
304
8367
224
1648
757
6571
5629
8024
2815
9779
2413
8781
1926
6964
7325
8263
9804
5729
1392
2890
5689
7563
7
984
9029
8322
9808
853
4645
6410
781
7788
2666
5185
1671
2097
3382
9457
3282
7142
8528
3681
2050
1649
5466
1728
8014
2030
7297
1349
5109
5601
5380
5984
2990
4911
7465
6613
1988
654
8173
9931
7794
7402
1387
816
875
6697
2350
6911
7501
8513
9482
5412
5399
7320
488
2383
5385
828
5552
504
3962
581
6476
9586
112
6312
9802
3618
171
3245
8163
9122
2179
7459
5114
7505
980
3138
7255
2814
7607
673
6564
1573
5315
2649
4615
6568
1491
2842
4818
4034
1481
2045
3895
104
5427
1833
4912
1985
5678
90
6718
4168
953
3407
4000
4063
7595
1091
5575
2918
695
2222
3864
9788
4350
940
1665
404
2773
8015
2383
7644
2586
2352
4911
5611
1841
4796
7635
4313
9524
9101
1064
1588
1674
3526
4166
4784
487
6675
9911
5918
9941
128
6972
1472
1984
1945
2268
4651
680
4658
3198
9758
1891
8616
1914
9890
2802
3048
1547
2531
6885
1870
8007
5311
5217
3392
3234
7756
6352
9692
9679
2382
6297
1423
5753
9065
4626
168
4945
9172
9972
6685
4793
5359
942
1628
5185
294
9532
2804
7263
2358
2633
277
5012
2208
227
9717
4797
6556
1582
7461
487
7520
6796
3204
503
496
2843
8258
568
6776
5951
839
7894
2152
8210
1396
4587
2655
9337
7578
8600
9467
1337
8810
4663
1024
1434
9278
9486
1320
2266
8214
4758
9481
9013
3701
8557
7485
9668
6381
665
2142
2771
1159
1966
9936
9096
5448
642
1908
64
2017
5342
1626
8956
2246
6360
9606
1341
1681
1135
439
347
2167
2806
2756
3836
1211
3221
8311
9523
1154
812
7359
6823
5591
7977
1232
8694
3920
684
7630
5642
5297
9849
9322
1147
1807
2926
1515
1300
2135
5078
8865
5770
5984
61
2007
9930
1327
2069
3975
6530
106
2776
9154
6116
6606
5631
9584
3495
4
5474
2340
542
498
9377
9603
6028
9630
6770
2183
3208
8681
8156
1504
5406
8313
1540
2074
4806
775
5878
9268
7273
1051
5142
1664
6433
2276
8903
5095
5216
7805
2588
4895
4244
7996
989
5007
7577
8140
5420
4449
3968
9421
5945
5353
4751
1483
2915
9670
6520
1885
2464
7
6959
2718
7150
9200
4102
6273
4970
3357
4203
7873
258
9862
612
999
486
4627
7770
7903
4292
5794
2100
829
9989
2903
4533
7036
4977
3379
8137
1511
74
8568
3259
3052
4856
9643
1531
5101
5281
3755
6031
5513
6299
914
2983
8315
6868
8586
7205
4241
1154
8337
1133
6672
6103
4896
2409
1269
5336
7496
7104
2111
3998
4510
8008
1980
4972
2121
8905
8097
7249
6697
7668
2478
9185
1898
1844
1584
3407
9722
1716
8921
6126
1607
3442
4621
1608
8636
7426
1391
5022
2654
341
44
8258
5026
2731
3109
9329
6561
5255
7427
9797
846
3011
4198
6970
5767
1620
2510
7647
203
1294
158
9983
2540
6411
4110
7025
2452
8328
6592
4652
2428
9153
7893
2847
4491
5886
2033
2112
4140
1854
860
3348
5891
8419
858
5599
1185
6653
3934
7564
454
7324
922
3086
2711
6272
2938
4376
7392
6324
2514
2730
9499
4315
7684
2029
3841
89
791
9857
9601
4356
3461
4293
847
4412
9091
599
5919
3529
5990
5405
4690
9189
2324
915
8336
4266
7273
2725
6599
1245
6779
112
2258
987
3200
8804
574
418
7871
9756
7865
659
4196
3297
1915
8439
1976
924
5146
9376
4416
4923
9849
2129
228
9606
272
3248
7811
8802
5938
8155
693
5541
5434
2105
2129
2139
9368
6115
9281
8585
1259
4739
9330
6992
7391
2107
1808
5108
1449
168
5010
8606
2192
6617
2482
9343
5087
1083
3616
9141
5064
3511
4775
4579
3931
5614
1151
5276
9767
579
6405
1008
9520
1114
2424
746
1058
2256
101
1273
9285
2427
4710
2142
3473
7283
614
965
148
6178
6584
6248
7426
3464
4297
6208
7292
1073
9154
189
4036
9675
915
6808
4256
386
3709
4199
7725
4351
350
961
6053
449
4978
1026
2004
8458
2600
5969
1304
5789
4211
8593
1959
8326
8210
1765
5238
5819
1251
2055
999
3425
2627
5354
1714
931
7944
2958
5991
6318
6963
8069
1026
4608
8416
3956
4353
5859
8400
9899
3506
7716
1289
1688
1392
873
9148
4937
6592
3267
3688
5858
2199
1551
8877
6670
1086
7203
5491
4136
5481
3016
9100
8844
5348
8594
4919
3898
2574
440
4422
8955
1883
7536
979
1479
9477
810
7262
4534
3123
4609
8314
2549
5741
7933
681
364
670
1436
9541
3581
1306
3458
9601
4656
5874
3870
9983
7021
8054
1776
1827
1689
3435
6904
2039
6485
989
6464
3616
7250
5702
1581
7041
9050
3520
3378
8272
3931
8935
1941
6118
5877
7907
6358
3290
1991
3029
5213
4704
3765
431
4675
9917
1772
2569
8020
7758
2889
8961
1396
4026
2135
5378
7536
7382
3783
153
1158
8328
2757
6228
7575
9614
9880
2443
7355
1439
2458
5716
6246
242
3305
7602
2570
2749
766
3869
9165
5329
1148
2984
6093
7989
587
7839
8065
4143
9445
2351
5937
2282
9040
3067
505
1717
414
5867
6249
4536
2785
1944
65
3357
6323
8486
6892
3596
9813
8256
858
6470
454
907
7971
6983
1894
6180
2072
3270
1932
4011
2076
9711
2869
7380
675
6947
8270
5691
5305
2285
4820
4360
6918
3641
9465
8563
4929
9408
7946
2362
771
4039
4271
6065
5838
6169
466
8137
78
3538
1411
3892
862
7709
2220
3432
4109
960
1281
9378
946
839
2762
3021
6526
6286
3652
8803
1970
9123
6548
4690
3281
955
2030
1123
967
5459
3061
6088
2074
1018
6788
707
7743
9822
188
1199
144
9476
3247
6489
6525
8332
8701
926
7456
3780
3004
3964
9158
892
7661
1153
7147
201
6364
7001
4325
8446
4329
2582
9668
7384
2933
6960
3400
6041
3919
5296
1427
2743
9472
9303
2320
6582
4307
1876
8821
9747
8681
4294
2869
9314
139
6767
6137
3131
2482
106
5504
5168
8500
2046
2244
5443
8991
1714
7135
5573
2283
2211
5614
450
1227
6661
8309
9387
1909
3687
276
5108
5042
2138
3640
5439
727
2259
100
1160
8789
8942
2097
3187
463
3541
9731
9763
2842
2290
719
4076
2665
3074
6442
1275
4058
2890
8628
6997
3418
4974
325
9149
3488
7024
4470
5066
4057
229
6659
4072
9664
9198
7551
974
4689
9078
904
6048
1102
8727
77
1957
5873
1955
3726
7804
2243
1647
4339
1642
1404
7298
9712
8455
5852
7807
4215
4907
1577
7918
9518
8947
6522
8658
3314
3448
772
9767
9548
66
9123
3162
835
7768
5067
7566
5058
7147
3263
3772
1740
6468
5249
9626
8030
747
1004
7135
2499
6426
927
7206
5693
8465
3978
593
9459
3051
1726
6896
5526
5953
3760
3219
2776
349
1294
4956
1343
7554
1638
7736
214
9370
4995
31
5414
1040
6552
7610
4803
7535
1026
2916
7209
906
3689
2068
5753
366
9080
859
9246
2373
606
313
5381
9452
7956
420
4028
7335
3391
9196
7146
7460
5800
2296
5312
7181
3306
3925
9070
9826
9755
8977
7705
7382
7743
8403
1660
6265
6090
525
7196
1894
6757
4116
2289
4045
803
1055
641
4868
7748
3135
6847
4298
2409
6542
8948
8156
1880
6267
173
9643
3507
6724
8598
9069
5268
8709
3572
6995
7292
8337
873
1612
8045
2557
2372
2312
708
9669
6487
2432
2667
26
2253
7123
7453
5833
6395
244
6091
5842
2678
2546
399
4902
9078
5512
1360
354
2042
3558
645
6908
3388
4223
6269
2892
358
1654
6431
3709
2949
1298
5917
6900
4301
697
1454
2336
5501
2556
1259
7650
9780
2240
9834
6895
7187
6317
5386
1731
7317
1706
3695
9033
94
792
271
7864
6208
5917
1851
2496
1955
6644
2930
6278
2549
692
1746
3932
7424
9806
8672
2180
2668
5483
1867
3494
1509
3925
9916
2256
6574
2565
1872
6606
2421
2445
2089
8474
1273
934
433
8293
3210
6477
8945
4471
9023
7530
9090
4836
6638
9537
6658
3712
1160
7180
1673
132
3938
6377
1788
7904
1148
2016
2961
1699
7883
376
2500
2282
2137
8986
6298
9701
8032
6101
9636
8816
9907
2548
1062
9441
5390
4893
6744
317
4767
4220
6781
9648
1380
4543
3811
4604
2071
691
2634
1025
1768
6911
2088
7871
6777
8799
3148
8264
2752
1956
7713
7673
8312
1834
3126
9546
2009
9082
1964
1092
5465
9937
2607
9522
2355
4897
3064
379
71
7366
6146
8704
5442
8908
1869
6545
96
1087
2576
165
7007
5010
1857
4889
9814
7924
8633
8824
8133
913
9620
7852
6623
9653
4151
9108
3157
1206
2597
8742
7269
5570
9411
3495
5283
4358
1594
1705
3926
240
1293
6228
3751
136
2252
6409
1381
9803
3289
1122
5948
9256
7449
4510
8536
2367
4300
3468
628
8373
9728
4229
8248
2509
7923
8799
6514
8548
8056
6703
9796
5404
5597
4686
2015
6732
7818
8128
9678
8437
2380
2161
8182
1352
2994
4929
1196
1830
1064
6770
7688
8600
2210
9631
4520
145
2299
8191
2136
7904
1247
6986
8929
9402
2438
8411
303
9799
6211
5271
5528
1244
7387
5069
874
7273
4233
5070
1523
2708
337
7823
5031
2454
371
7069
8990
4116
3811
4352
3996
609
5431
723
1173
4274
1121
7682
7040
2706
6590
5781
2219
4854
1069
3149
3376
4388
6180
3613
598
1648
2064
5611
2203
5031
4971
8614
7025
6512
547
137
1718
1519
840
2641
1608
1276
6070
7420
7353
6115
6852
6931
7200
2349
9612
8810
8352
1199
9820
261
1964
7282
2380
6525
987
8099
5506
8434
921
6939
1250
8579
2703
18
9210
189
9475
3647
4061
9953
7986
9060
6397
8713
4846
6024
4318
4635
6243
6276
4873
4046
558
1922
4239
3293
7552
7954
1279
3419
9903
383
4250
1814
429
3858
3780
142
8173
2773
2525
9480
3460
7867
7825
446
6461
7390
3309
7849
800
1017
5331
3954
6547
9864
1248
7125
7536
3724
6491
4247
7353
4883
5761
9385
7226
8087
3759
301
6335
326
5711
377
4374
2
3544
6938
277
9945
895
3083
1855
9656
1154
8294
8723
9084
6598
8330
966
5673
686
2622
9122
3855
9888
5477
7662
6121
9859
8418
1216
1656
5756
4429
6336
223
9161
4023
6991
8096
5437
9610
9784
4792
1037
869
5574
6774
1370
9095
103
5825
1072
1273
9679
8235
7550
7217
2384
4208
4296
7108
2536
5796
5450
5292
3803
6124
9021
1322
5922
1003
3182
8574
5508
3552
7949
2037
5285
4878
1764
7314
3293
2877
9129
3952
1498
2639
325
838
5352
1429
2486
1708
4175
6530
1633
1261
4542
6432
8972
6718
8855
1506
1036
6830
491
6970
826
4878
199
9020
3563
2755
4959
7283
7840
2666
8442
899
2139
9979
1070
9694
9652
1345
2478
6858
1803
3577
1329
7171
9134
9113
4501
1661
2717
7571
2275
3373
7340
1801
5125
1273
5977
4291
4533
636
8927
8751
8536
6063
2042
5689
7355
6517
1451
6172
9644
693
1342
2583
3020
7197
59
1203
8500
1044
9834
6932
1718
1153
9435
702
3493
5691
2260
9274
7528
4593
7308
729
2266
395
4200
3656
9798
2240
579
4596
8641
6697
2451
6032
1784
966
2106
3941
3420
1840
9115
154
4683
2606
2254
3268
3969
2780
1861
8623
2767
3640
480
1981
9819
2607
5133
4207
5607
7273
164
6050
1062
2752
754
1851
3100
8534
6069
9303
5990
6519
2408
8188
5883
4556
7982
9444
9377
2258
1044
1739
9618
635
834
5846
7232
627
2019
7846
4231
7622
5910
6526
962
416
5923
7073
225
7253
9778
288
5401
1234
1144
5555
572
9427
4771
5733
6699
3063
8425
1589
5226
2961
3340
4986
8547
1600
1616
6950
1197
4897
8416
7503
1021
3235
1054
8906
9726
2843
4266
6457
5006
4122
181
2486
7321
2476
9509
1360
2617
3345
8811
4086
1118
1905
6164
321
1963
1884
3038
1303
881
769
859
4253
1920
1200
1594
1965
4251
3856
4836
7321
5083
9765
3957
8318
2471
7325
588
2108
6275
4938
8292
9781
5526
3285
6211
8260
2608
1521
6051
8097
4364
5277
9616
7538
5730
3518
5345
5507
4224
1677
8298
1721
5610
6428
9265
8099
5680
4895
2367
4786
5439
4425
6378
6635
1066
1284
1889
1771
7003
2533
2776
6394
2644
5759
9796
7443
1451
1383
761
659
3382
7752
1890
3984
723
7128
3552
444
5451
1707
6248
4458
7575
2070
7702
7248
8131
5686
3110
7613
2435
8930
452
8205
3428
5150
786
9547
2244
4130
3115
1494
1540
4667
2661
7767
4252
1328
1084
9682
5296
2647
6829
9979
9842
7353
3712
8859
7656
803
8522
5267
6512
5631
8673
1872
8801
1986
7937
447
9268
1383
5566
8419
754
2300
3627
9446
6959
475
2315
9244
4808
4365
215
5694
6329
1738
6511
3349
3890
2083
5508
772
379
2307
4917
8683
5861
4867
8104
538
2307
6446
1932
323
233
6133
6540
9188
995
6931
8983
2739
1354
7411
4014
5274
5283
7601
6093
5541
7160
7806
7421
1193
1034
5080
9017
7336
5015
7993
6880
1234
5305
6303
7307
2430
5888
4476
4656
8185
6513
5039
9014
1182
5614
2403
1801
5112
4648
7606
6496
6596
2802
6316
7421
9081
5176
6517
5925
2860
9983
1164
1361
6671
207
5458
5748
7371
8015
8475
7198
8654
9520
1127
7153
7462
7117
2787
1426
8159
9296
9793
7953
3385
5000
1557
6332
6317
9194
8402
5713
8769
7798
4245
4611
3083
4812
2095
8127
5187
1919
2105
4896
3835
4024
5203
6031
9107
397
7613
9471
8392
1028
9722
280
1885
2947
306
4786
269
6410
1735
3572
4911
3267
9930
1198
2187
2152
846
436
6093
3446
7710
2748
7992
2657
6491
6170
3820
3305
5992
5721
2506
5803
6633
2877
5479
7450
4937
6614
9328
4303
6732
2584
1310
47
3748
9961
6730
2188
5560
6555
9410
63
4929
1722
3643
7748
6199
4904
6714
9766
2636
7000
2062
2045
1751
1335
2192
4325
7892
7153
5679
50
57
9875
5397
9568
2364
173
3245
3503
2067
2715
1865
4239
1772
8756
7103
1320
9215
226
2004
8718
7857
8867
5804
5107
2746
2527
2992
2701
7209
3244
6993
7753
358
8766
3708
1040
6968
8146
3759
2682
5417
7501
7595
1760
3542
5057
8474
9558
9643
2480
6851
712
6495
2852
1803
1732
6508
2285
5182
5017
994
460
7503
8446
2731
2161
5724
8055
4354
8928
4086
7699
1568
153
5375
1721
6679
3336
581
5573
6339
2666
7518
8541
62
7521
6388
1128
6371
489
9011
7025
8485
348
2464
89
5953
8083
2797
6443
9680
6303
6602
3460
8466
6727
4158
995
2152
2274
8343
4941
6304
3063
3214
3843
1830
9107
9678
9432
4889
4907
6598
5022
3452
1491
2621
7569
3550
6910
6454
5350
2636
22
3636
4565
8805
9471
4768
5300
4831
6519
3864
4630
4056
4913
2250
8805
6207
6418
4514
4171
3828
8427
240
5847
8030
8440
2510
2702
8267
2440
96
2768
6813
4111
6844
2540
3427
1912
2668
902
6885
527
1346
1305
5029
6270
8651
8920
7666
8694
5831
8105
4174
6288
1336
2420
4418
8948
3226
9768
3761
9754
4530
6159
331
4096
3369
307
691
1003
3499
1841
546
1953
3242
8557
2173
311
9
7462
741
2214
1286
8155
6126
4387
1463
8206
5954
3343
5817
8904
1206
124
5205
141
9678
8706
9684
8785
2636
8816
4772
8236
9183
9959
267
4138
6586
867
6859
6550
3873
3691
2327
5400
3564
8204
2373
7212
501
9617
660
8245
2692
4406
7744
1569
1405
940
2212
7519
4984
4239
1408
751
3458
9671
6923
8265
4114
5820
7146
3312
7263
6878
1425
616
2352
8339
2153
9526
1523
5570
6387
7319
5058
8575
6876
3380
434
5304
6706
5748
3742
9584
8502
6130
2405
490
5970
2545
9823
9240
685
3725
2245
7028
2077
4275
338
512
4604
244
852
9433
2653
8118
8823
961
273
6284
8980
6732
4406
9640
5830
9515
7487
8894
2350
552
3961
3818
2456
2017
7469
1540
221
9832
6034
1010
3514
8330
2629
3311
384
6479
139
1259
957
3314
7478
2612
7628
2737
3111
2291
4616
8279
8275
4106
759
3960
5704
316
5509
157
6593
3821
5422
8017
4377
9612
5392
2218
9309
5982
2079
5180
549
2590
8715
1435
2676
4161
9792
8495
6109
6494
8220
781
4345
5678
2391
1860
9798
4432
622
325
98
945
7679
3046
8137
4106
5932
8792
9595
522
6266
1048
6610
2117
1961
1779
226
4349
1721
8990
481
9200
8443
1509
2121
5298
373
8594
332
3789
2490
6000
4664
6599
2426
5120
4907
7139
1542
5948
5848
8041
3335
5563
2074
4010
847
3156
1897
7135
6959
2406
1563
4290
9067
8375
5436
5199
5131
11
721
172
1187
1320
8842
9479
9622
3175
3302
3823
614
7774
7836
7429
2047
6172
8950
7668
6437
2260
3024
7023
5723
5662
1250
8106
4789
6106
7226
3693
2688
695
9870
6756
8769
5539
8593
9897
3131
7651
195
8966
2453
7941
2734
886
8459
7364
3038
1116
4547
5373
2960
9062
7219
2719
9695
5618
594
1784
3371
2402
204
9502
7707
1949
2042
7498
52
3174
4113
7724
1786
3233
3881
2475
6822
6690
6993
6827
3929
2072
4673
9429
1857
4379
7329
737
2537
7026
2376
8679
1621
7960
3831
1255
5183
5551
8727
1157
3996
709
9328
1305
1458
823
8171
8054
2093
899
2139
6521
6704
722
8295
948
2810
4646
3691
5612
1977
3920
2481
1344
4371
5846
6393
9515
4274
9827
8528
1132
304
7215
5600
7812
1924
6256
9508
3711
6875
113
1215
4374
7466
5874
3342
1572
6323
2080
5083
280
1239
358
5235
523
6955
2084
8010
6578
3518
1200
365
1622
1801
5179
889
2627
9687
4821
9595
8061
2439
9778
2679
9818
8880
1567
4188
827
2005
4976
343
3644
4570
1788
6952
3775
1046
3243
1634
1780
1400
3022
4071
1949
5950
3169
451
943
3972
429
3815
3146
1930
352
6746
3788
6330
3233
7195
3363
2408
2174
3913
7810
4475
6120
4854
6550
4027
9202
3050
7657
8506
5574
2532
9319
7624
7529
9606
2847
3330
9456
9538
588
5900
1138
4767
5957
7295
6000
5169
3410
4723
7523
296
4688
7249
5428
8151
9414
9618
3154
9176
5481
5372
8831
1246
525
799
3452
7579
8237
1802
9670
5043
4364
2308
6449
928
1965
6440
1925
136
3089
8015
2022
2364
2159
4676
8712
8034
2520
7253
8833
1461
795
4630
6929
3227
3014
2394
1137
8120
5743
1684
4072
8898
9106
986
2212
2244
1724
3292
9991
3334
2407
1524
3375
3053
4070
638
1898
6607
2212
2697
521
9722
5112
4399
3701
7941
3820
3970
9632
583
2734
4599
7054
7814
9030
1943
3827
5795
3881
7332
3342
2453
8190
6361
902
8131
8543
6197
3380
726
6114
4665
1346
1069
1448
1055
7138
6835
5093
1726
5762
2686
2546
428
9934
489
6240
9827
1079
7029
3054
1831
354
4396
7916
3814
4468
6198
9664
1745
173
3695
5273
3739
9442
6520
4323
4767
7696
2268
6875
6503
6894
9447
2787
1770
962
2066
7959
3925
1526
1458
897
9390
796
5282
4186
9812
7248
6990
8563
8699
4526
8034
3091
679
6259
8849
4225
6727
4456
8586
4324
9316
9244
8712
9800
3322
3617
5210
3765
934
506
194
9499
9792
1364
449
9184
2155
7427
2003
4030
6731
77
9943
5318
8118
9325
4738
3145
1918
1729
2116
2185
286
4037
6699
5899
8035
7235
7959
8352
4957
9435
7182
7988
2150
5680
1680
5750
4354
4803
3869
7433
9304
2932
7606
5595
3328
6710
8162
1812
813
755
2866
321
5245
8576
2455
434
1582
6385
3106
1536
9203
5808
9196
4228
6600
7066
7207
9075
6258
4186
8053
574
2603
7819
1191
2682
9292
7032
5929
5226
7675
1398
60
2022
6360
3477
5092
8726
1730
7026
5427
8255
9824
2129
3077
2050
1533
5769
14
6705
5123
9232
81
2291
7675
7465
7315
7690
9795
9450
447
8819
7793
1523
4906
7390
5976
9900
9322
2063
1736
7583
611
5796
7611
6982
9570
9559
6365
8966
6765
1302
8380
8604
3850
9090
2753
3222
3504
4085
9868
1973
9723
5063
7479
385
2292
1650
3844
9550
2688
6004
3112
638
9096
2102
7996
2264
1177
8059
1538
7991
3340
6187
8101
7046
553
2817
8164
8906
7575
5985
8112
384
1831
7933
1300
4169
9091
2378
4357
210
5568
2079
6697
5705
5003
1934
3821
7646
8772
5894
4049
3878
2068
1496
8231
2614
9748
2984
6957
2494
5489
9863
6071
8243
443
1839
384
8753
8621
3342
3778
4673
3938
8854
6052
1992
4437
7940
9795
6112
8825
7376
3621
7355
27
5252
5658
3908
1061
3377
5971
8889
724
4543
9928
726
6525
8227
8580
1411
651
9589
4084
7346
6604
8098
8528
2865
9949
3424
809
9495
7874
5552
3764
3309
7978
601
3605
73
2483
9283
3072
5459
4906
6736
507
786
4950
50
9064
7415
9702
6825
818
7645
2439
315
2502
1390
3306
5737
9156
1866
8054
7744
9014
788
5898
8573
3777
9101
2069
1957
9913
8197
9946
5508
3273
1918
7886
692
499
660
3972
5872
5237
1066
8683
7513
7374
4791
5494
5657
6239
6145
1564
4470
7700
4072
209
7017
1445
8454
7941
4160
3640
8325
8668
7809
6634
931
333
576
5342
1970
878
9907
469
6418
2641
5971
6335
2754
3944
774
3632
5796
8974
523
6406
6066
6553
4437
4826
2750
6586
7388
7957
8462
343
7408
8101
5175
124
1631
7073
4633
4285
2761
7049
7516
4447
7939
8065
3593
5304
4873
3087
7596
915
9431
2739
2136
5320
1689
6775
6076
92
4641
2055
917
8997
4265
2595
852
3457
8986
7427
6097
2808
2316
154
7024
2606
1631
5037
3619
8205
3018
5462
3328
851
3457
2564
7349
7816
7516
7557
4137
5075
7654
8919
4932
2333
5156
9676
6402
3830
9271
9164
7971
5974
9874
9599
8151
5687
9536
747
7769
2193
3696
9018
9161
7846
6371
8304
2622
4560
248
9308
412
9287
6901
2557
9442
2807
1976
6311
1879
5873
3390
8837
7095
8065
1861
2609
4648
2320
2877
9714
674
8795
7749
9429
3502
3796
675
640
2413
8056
8867
1571
1693
544
4356
8000
7544
1019
4510
9644
2349
8748
5449
4022
8931
7040
1515
6583
6347
2275
1616
7483
6662
4291
8367
7007
3607
3429
4842
1275
1497
4487
9174
4067
2548
5030
7964
1304
6493
5089
4895
5924
1723
2750
1054
550
1409
75
2733
8026
857
2615
9983
7853
1453
3106
9399
2240
1740
7074
4384
170
2651
7559
392
8387
6394
3458
2708
6782
8777
9585
385
1575
6154
5470
2855
5278
9384
6330
4530
850
1865
3236
5412
1185
8768
4414
4277
1951
9014
5121
780
3845
5578
6351
8563
764
7190
442
4006
5306
5508
2756
3356
7660
6177
102
1162
8853
1873
8645
8276
9142
835
5169
6837
559
5414
3840
1552
1444
4316
3563
1480
4307
4142
231
381
4837
6672
2359
4312
3235
3031
7600
1306
7116
7336
8205
3328
180
7587
1844
457
6094
5311
3976
7466
1150
3431
6224
7666
5128
2614
1225
970
125
6367
6711
4896
4423
5425
9490
2052
7954
9081
798
6849
8590
5720
5867
5440
9186
2166
9967
2682
612
614
3584
941
8086
4556
2855
8641
9283
6653
2529
6939
2586
2742
3592
6274
2442
9040
9409
7152
3407
8322
1015
2186
7067
6263
7544
5092
9592
5410
7966
8911
7933
3679
753
709
288
1916
7003
8390
3132
5256
9197
1347
2307
682
4048
3803
1989
1957
5294
8277
9025
651
3361
2941
7706
8912
3292
3074
3374
9584
1081
3760
708
915
2307
3417
6004
1103
8390
5945
540
7791
1315
2122
8159
4532
1544
6357
800
9161
3151
58
5264
1819
2166
1554
3076
2456
3231
4451
3531
8343
2697
1428
7295
345
6207
9986
3433
6334
5950
5458
7242
4171
4573
1463
7271
26
456
6230
4020
3411
4590
6937
9141
42
8205
8353
7617
697
3081
8559
4088
575
8180
4005
6854
5001
4939
4536
4568
7056
2301
3432
1919
387
1954
4772
563
8134
4377
5304
8665
3547
1282
3784
392
6001
4237
1553
5944
6282
5859
2398
2860
3793
4884
393
7026
9531
9360
8226
7961
9645
7578
4261
2354
2975
7577
4487
9978
1216
8881
577
1926
8954
499
6976
8080
6231
6704
6188
4546
2403
8483
5543
3152
5204
3839
8457
1787
3592
3158
5418
7651
1870
61
1919
3740
6248
7324
9017
2948
1326
3226
1402
5636
5095
2344
7161
3990
5268
6797
712
86
29
2402
8004
4827
4480
5295
4572
824
7383
2854
4742
8702
3962
5549
8271
1445
6133
3746
2738
6234
218
1419
7786
9035
5210
9755
5419
6465
9040
9388
3166
8333
6207
4665
1291
6006
2686
8714
1308
2930
2720
566
799
9971
3081
3524
301
9940
798
3923
9833
4852
3804
1147
9323
3234
3083
1267
5405
4874
404
8565
3941
766
1297
686
3957
3065
5045
2778
3583
4304
892
8480
5229
5802
547
2681
112
9409
4491
535
2152
9306
2154
6548
723
6753
4115
5480
8441
4072
4679
7632
6855
7970
6204
3179
4986
1707
4781
5382
8671
8555
4802
1610
104
2634
4609
932
2162
3606
7541
4630
8581
6658
574
3741
7355
8289
3177
6594
117
8244
5810
9109
2538
7937
2375
454
4865
4821
3743
8102
8962
1162
666
6110
1768
1324
5978
2637
8793
1992
8051
1784
6745
4999
2991
830
8635
8410
6758
1642
298
7062
204
1964
6743
3298
7338
6425
8356
2926
3474
7266
1969
550
6941
9891
5300
359
6759
1373
1934
8674
4670
5942
3004
671
5798
6830
171
2323
1889
486
2048
8453
3965
1613
3110
4093
6398
2299
6185
3727
2446
113
3091
1479
930
2000
7285
948
1519
2698
6937
6858
4892
3878
2453
3810
9546
5511
1619
5413
3378
1359
7166
6906
4589
992
399
540
8170
420
7817
1487
8827
4173
4546
4420
6017
7087
275
2555
6218
5853
434
5464
1223
737
4462
41
7251
1552
8826
4936
2113
9790
7262
7932
2037
8413
9722
9188
7350
3196
6988
4263
9410
2350
1972
1717
595
4327
3862
1203
6512
9294
784
9749
2247
6192
4365
4316
3321
7154
8921
8322
9527
4137
1606
2532
428
2477
7310
2304
3642
3099
634
2830
1754
2298
594
356
9134
6800
5302
8404
7754
694
2092
7913
9858
8281
3467
4306
1861
5427
5224
4878
3131
1129
3743
8265
8042
5462
4516
1254
8367
969
2730
61
6508
8122
756
1958
3885
9346
4426
4999
9455
6939
191
27
3730
7878
112
4244
1134
4236
7871
4082
5445
7559
1489
948
8392
6098
7812
4814
7852
478
453
8780
2318
8678
7922
1094
3173
709
1499
4548
8055
4135
7726
9108
9615
8685
8612
3850
4637
5125
422
4519
7838
8586
5859
4653
3613
2327
8790
9169
1738
8130
8020
8370
1994
966
5443
1434
1408
9697
1058
4402
2459
4832
9700
1739
3807
8
4782
2170
1720
8855
484
7716
9453
3897
9375
11
1073
1311
8626
7911
2976
493
7309
2008
9736
2275
6257
4058
5237
5183
6372
5706
7426
800
9000
217
5916
1214
408
975
2505
5400
6322
9842
5514
4318
6059
8678
9533
2193
1919
9271
5062
2503
2776
2821
4974
2499
1186
7455
156
4405
9452
5092
8484
254
6401
1477
6093
38
8776
8591
7432
3954
1320
8936
9021
736
8672
5032
4680
7796
86
586
340
6392
2079
1570
1302
7360
3407
4753
4974
4668
1041
2983
9786
6161
9496
7096
7803
8746
4679
8835
475
155
3982
3215
9055
9639
8710
5542
4666
162
2432
439
627
8297
4376
662
6472
720
3984
6487
6274
6108
8922
3595
5178
9635
6533
522
7821
3505
4412
9314
4236
1629
5164
2766
5239
7579
9173
6635
1804
546
6146
5447
2122
6112
4796
2906
698
5661
6332
7834
6720
7230
8544
6633
5439
9307
880
914
699
547
4705
1429
8243
2446
841
622
7742
6708
9028
4060
2564
9420
8007
705
8801
1639
5507
5526
1126
4478
8989
8609
3985
3832
2395
5593
5502
7489
8257
1001
7070
632
4860
4835
1718
360
9343
8919
2811
4778
1517
1828
3117
3704
2678
5950
5185
8436
9109
7841
3524
1450
2841
1573
124
84
4467
4994
5537
8477
6735
1990
8108
3960
1847
213
8047
642
9652
7200
4470
6837
8614
2201
2092
9534
4406
21
9105
3969
